idanimal	herd	year	dwin	ewin	x	y	cluster
2004001	1	2005	38315	38480	361001.5764	1251268.665	1
2004001	1	2006	38675	38835	2953.373411	1284174.047	3
2004001	1	2007	39050	39190	468828.0742	1145873.351	1
2004001	1	2008	39420	39555	403031.0374	1053586.042	1
2004002	1	2005	38340	38465	296084.8273	1034271.362	1
2004002	1	2006	38700	38825	389285.0504	1217349.497	1
2004002	1	2007	39055	39190	482753.4943	1143876.206	1
2004002	1	2008	39415	39555	403929.498	1038214.858	1
2004002	1	2009	39775	39925	335364.6274	1192415.225	1
2004002	1	2010	40135	40270	406138.1006	1063254.486	1
2004004	1	2005	38320	38480	328200.6168	1341059.495	1
2004004	1	2006	38720	38830	-65462.5361	1256912.063	3
2004004	1	2007	39060	39195	375057.6861	1041846.72	1
2004006	2	2005	38325	38470	-391918.8187	938251.6432	1
2004007	2	2005	38332	38457	-556193.9111	895965.885	1
2004007	2	2006	38702	38777	-100138.328	1538710.092	2
2004007	2	2010	40124	40269	-479664.5331	1040998.631	1
2004007	2	2011	40534	40664	-399336.1542	999562.0569	1
2004007	2	2012	40889	40974	-342580.9687	1272734.569	1
2004009	2	2005	38340	38460	-542697.7749	935018.0104	1
2004009	2	2006	38695	38745	-348051.4105	1285512.8	1
2004009	2	2006	38775	38850	-166523.169	1771953.562	2
2004009	2	2007	39050	39190	-480602.2731	1008062.324	1
2004009	2	2008	39440	39555	-560478.6093	1077435.72	1
2004010	2	2005	38337	38467	-438114.0522	1033683.112	1
2004010	2	2006	38742	38847	-150037.4843	1768189.533	2
2004010	2	2007	39042	39192	-372675.8514	1097372.142	1
2004010	2	2008	39427	39557	-350159.3237	1060426.839	1
2004010	2	2009	39782	39937	-443375.9878	1076219.707	1
2004010	2	2010	40137	40267	-503540.7985	1096625.753	1
2004010	2	2012	40883	41001	-325107.3964	1185161.276	1
2004011	2	2005	38325	38467	-282539.7418	980742.6173	1
2004011	2	2006	38692	38787	-325938.5436	1225549.333	1
2004011	2	2006	38807	38850	-283707.7671	1549905.343	2
2004013	2	2005	38331	38466	-447220.2972	1001852.403	1
2004013	2	2006	38691	38751	-348924.4746	1260830.111	1
2004013	2	2006	38796	38846	-197223.8763	1782227.271	2
2004014	2	2005	38327	38467	-427634.5369	969786.2052	1
2004015	2	2005	38327	38457	-555390.5586	859133.8458	1
2004015	2	2006	38687	38747	-299414.8925	1187338.457	1
2004015	2	2006	38797	38827	-176898.978	1747692.809	2
2004016	2	2005	38330	38470	-276037.675	988127.5051	1
2004016	2	2006	38695	38820	-439962.7824	1038486.589	1
2004016	2	2007	39050	39190	-466519.5139	1042369.205	1
2004016	2	2008	39425	39550	-382206.3607	1021516.741	1
2004016	2	2009	39780	39930	-338517.4389	1061037.044	1
2004016	2	2010	40135	40270	-369731.806	1012377.599	1
2004016	2	2011	40545	40655	-486714.044	1087945.779	1
2005002	1	2006	38715	38830	402794.4191	1329730.712	1
2005002	1	2007	39056	39206	458189.1512	1257983.751	1
2005002	1	2008	39401	39566	65630.2665	1404006.766	3
2005002	1	2009	39781	39941	380396.8409	1234111.476	1
2005002	1	2010	40141	40251	496245.2148	1122767.962	1
2005004	1	2006	38720	38825	452138.9773	1242358.221	1
2005004	1	2007	39056	39191	479865.1946	1144039.642	1
2005005	1	2006	38715	38830	404724.8192	1286915.265	1
2005005	1	2007	39056	39191	375298.3463	1043359.855	1
2005005	1	2008	39411	39551	440776.7261	1066097.861	1
2005005	1	2009	39776	39926	366481.2545	1228519.247	1
2005007	1	2006	38700	38825	399224.5516	1234519.302	1
2005007	1	2007	39054	39189	470925.9876	1146627.074	1
2005007	1	2008	39423	39568	49068.50999	1389380.82	3
2005007	1	2009	39773	39928	378182.3712	1238060.506	1
2005010	1	2006	38715	38835	-67511.44742	1270803.203	3
2005010	1	2007	39056	39191	389025.709	1050570.826	1
2005010	1	2008	39456	39551	406039.9483	1137451.847	1
2005010	1	2009	39776	39931	346519.162	1216309.373	1
2005010	1	2010	40126	40271	403603.8242	1069033.055	1
2005011	1	2006	38705	38825	-347137.2315	1194244.664	2
2005011	2	2007	39060	39190	-430384.1499	904914.4811	1
2005011	2	2008	39430	39575	-372996.8987	1032212.205	1
2005012	1	2006	38720	38835	20483.99285	1424352.383	3
2005012	1	2007	39056	39181	463918.0531	1147706.884	1
2005012	1	2008	39401	39566	34048.70146	1282706.792	3
2005012	1	2009	39781	39926	382794.9589	1237849.77	1
2005013	2	2007	39051	39191	-470019.3072	1023943.225	1
2005014	2	2006	38707	38827	-469157.1462	1092811.035	1
2005014	2	2007	39050	39190	-518092.8748	1010991.103	1
2005014	2	2008	39435	39560	-555695.9547	1110994.123	1
2005014	2	2009	39780	39955	-376342.2915	1145002.119	1
2005014	2	2010	40135	40270	-505363.4375	1087524.044	1
2005016	2	2006	38707	38742	-467086.5523	1024047.455	1
2005016	2	2006	38757	38847	-284961.7136	1501202.931	2
2005016	2	2007	39051	39191	-511204.998	1016649.26	1
2005016	2	2008	39431	39556	-583915.976	1199619.272	1
2005016	2	2009	39786	39941	-368226.9769	1077625.716	1
2005017	2	2006	38707	38807	-401391.6397	1043552.376	1
2005017	2	2007	39071	39191	-385311.4002	1013958.851	1
2005017	2	2008	39436	39551	-448135.4322	1257205.957	1
2005017	2	2009	39781	39941	-355761.6123	1081732.745	1
2005017	2	2010	40151	40271	-544679.5055	1097576.479	1
2005017	2	2011	40522	40662	-419951.9491	1208281.105	1
2005019	2	2006	38682	38742	-260582.3176	1340354.745	1
2005019	2	2006	38777	38847	-161341.5102	1781057.934	2
2005019	2	2007	39056	39191	-451168.9292	1031873.169	1
2005019	2	2008	39441	39566	-289024.5872	1116977.669	1
2005019	2	2009	39781	39926	-357297.6829	1146509.268	1
2005020	2	2007	39056	39181	-444048.5649	860819.9254	1
2005020	2	2008	39426	39551	-590676.7861	968153.8719	1
2006000	2	2007	39057	39187	-509094.9066	844126.3276	1
2006000	2	2008	39442	39557	-370596.4893	1035979.137	1
2006000	2	2009	39817	39942	-484691.5743	1154931.19	1
2006000	2	2010	40132	40267	-534887.4847	1033042.787	1
2006000	2	2011	40537	40642	-419335.5309	1174773.242	1
2006001	2	2007	39051	39186	-391563.9361	970067.0337	1
2006001	2	2008	39431	39561	-564441.1115	1100067.728	1
2006002	2	2007	39050	39190	-519583.7093	863696.5729	1
2006003	1	2007	39056	39196	360934.9799	1040874.703	1
2006003	1	2008	39406	39556	431060.6505	1071027.943	1
2006004	1	2007	39051	39206	432550.2512	1264072.583	1
2006004	1	2008	39416	39556	402683.4537	1044715.721	1
2006004	1	2009	39766	39921	281436.3724	1186646.483	1
2006004	1	2010	40136	40286	400452.6229	1053284.255	1
2006005	1	2007	39051	39191	404714.5841	1128710.624	1
2006005	1	2008	39406	39556	421891.1432	1066616.933	1
2006005	1	2009	39781	39936	352608.3381	1240449.311	1
2006008	1	2007	39051	39191	372138.4828	1080144.524	1
2006008	1	2008	39446	39566	316206.5501	1315623.239	1
2006008	1	2009	39796	39926	377824.4246	1063386.264	1
2006009	2	2010	40128	40263	-518914.2802	1078045.778	1
2006009	2	2011	40523	40668	-428543.9285	1222030.302	1
2007022	1	2008	39433	39553	-607527.7276	977088.6664	2
2007022	1	2009	39798	39928	368360.8948	1071214.677	1
2007026	1	2008	39403	39553	386888.8334	1048281.641	1
2007026	1	2009	39773	39928	365713.142	1235805.276	1
2007027	1	2008	39413	39553	435395.1975	1064593.574	1
2007027	1	2009	39773	39943	347316.7176	1103827.317	1
2007028	1	2008	39403	39553	396409.8268	1042435.511	1
2007029	1	2008	39403	39568	13819.35362	1332622.646	3
2007029	1	2009	39773	39938	372133.764	1242715.309	1
2007030	1	2008	39410	39548	422517.5045	1057072.558	1
2007031	1	2008	39403	39553	381437.6448	1045899.572	1
2007032	1	2008	39453	39558	385510.4505	1232261.127	1
2007033	1	2008	39432	39563	-497418.2753	1243466.079	2
2007033	2	2009	39778	39913	-371304.1674	1046496.346	1
2007033	2	2010	40143	40273	-461565.5041	1023561.606	1
2007033	2	2011	40528	40656	-426550.6097	1249630.082	1
2007033	2	2012	40906	40986	-478126.1756	1186240.613	1
2007034	2	2008	39428	39568	-570749.6638	975769.2297	1
2007036	2	2008	39423	39553	-655661.0411	890838.2332	1
2007036	2	2012	40884	40979	-491724.361	1221583.386	1
2007037	2	2008	39438	39563	-478164.329	1064607.962	1
2007037	2	2009	39783	39938	-330836.1747	1072735.674	1
2007039	2	2008	39428	39563	-501518.5945	1241593.217	1
2007039	2	2009	39783	39923	-500833.9198	1193917.315	1
2007042	2	2008	39418	39563	-553621.6524	1197227.47	1
2007042	2	2009	39773	39938	-513562.0775	1168014.435	1
2007042	2	2012	40895	41000	-361825.6152	1239302.789	1
2007043	2	2008	39423	39558	-567720.0329	913161.869	1
2007043	2	2009	39783	39918	-402475.3456	1110440.603	1
2007046	2	2008	39428	39553	-579319.1896	837943.9462	1
2007046	2	2012	40880	41010	-248118.5658	1269093.05	1
2007047	2	2008	39428	39553	-532269.9284	800423.5496	1
2008015	1	2009	39778	39918	364049.2573	1102449.263	1
2008015	1	2010	40128	40278	358091.1057	1218993.462	1
2008015	1	2011	40493	40653	349890.994	1207396.741	1
2008016	1	2009	39778	39923	350787.2538	1220485.23	1
2008016	1	2012	40902	41042	440089.9197	1161748.176	1
2008017	1	2009	39763	39938	344494.4896	1238438.522	1
2008018	1	2009	39778	39938	238482.0418	1147136.918	1
2008018	1	2010	40128	40268	359049.5539	1253767.604	1
2008020	1	2009	39773	39938	369177.2681	1249614.321	1
2008021	1	2009	39788	39938	383656.1372	1244650.199	1
2008022	1	2009	39773	39938	366506.3961	1247787.139	1
2008022	1	2010	40138	40283	478816.0484	1103374.297	1
2008024	1	2009	39783	39938	341921.0462	1214429.329	1
2008025	1	2009	39773	39913	364222.6891	1235148.213	1
2008026	1	2009	39778	39923	282857.6439	1184752.489	1
2008027	1	2009	39773	39938	366230.6586	1230317.093	1
2008028	1	2009	39783	39958	376316.1551	1236127.653	1
2008029	1	2009	39783	39938	363193.3561	1225308.696	1
2008030	1	2009	39783	39938	384716.075	1233713.563	1
2008031	2	2009	39783	39938	-452929.433	1079977.846	1
2008031	2	2012	40869	40989	-276233.7933	1221997.222	1
2008032	2	2009	39783	39928	-356366.1678	1132439.048	1
2008033	2	2009	39783	39923	-399739.81	1118178.947	1
2008035	2	2009	39773	39938	-438710.3851	1116269.856	1
2008035	2	2012	40892	40999	-482246.5081	1200292.11	1
2008036	2	2009	39783	39938	-355070.2482	1052427.297	1
2008036	2	2010	40138	40268	-513012.8438	1049141.972	1
2008036	2	2012	40887	41012	-319388.0143	1280025.564	1
2008037	2	2009	39783	39928	-356875.9608	1047167.246	1
2008038	2	2009	39778	39928	-395838.5353	1084071.96	1
2008039	2	2009	39778	39928	-487388.9366	1178929.243	1
2008040	2	2009	39783	39923	-525869.3984	1129448.631	1
2008041	2	2009	39793	39923	-384900.8366	1147859.808	1
2008041	2	2012	40880	40995	-387839.83	1251681.865	1
2008042	2	2009	39783	39928	-502982.8098	1168494.466	1
2008042	2	2010	40138	40268	-528474.5531	1097800.909	1
2008042	2	2011	40528	40663	-438943.1016	1229716.069	1
2008043	2	2009	39788	39943	-418401.2066	1071323.279	1
2008043	2	2010	40123	40273	-517605.592	1069280.712	1
2008043	2	2012	40886	40986	-443619.2037	1243809.792	1
2008044	2	2009	39788	39943	-377877.9532	1138707.862	1
2008045	2	2009	39793	39933	-431792.0126	1133327.926	1
2008045	2	2010	40128	40273	-524128.3595	1088396.97	1
2008046	2	2009	39783	39923	-527141.0831	1162783.376	1
2008046	2	2010	40128	40273	-520637.7585	1099604.609	1
2008046	2	2012	40881	40996	-293956.013	1202055.834	1
2009003	2	2012	40886	40991	-501585.4457	1215833.557	1
2009023	2	2010	40139	40269	-455913.2207	1031419.864	1
2009025	2	2012	40886	41036	-448153.8575	1191632.442	1
2009057	1	2010	40140	40315	388739.9581	1043148.108	1
2009058	1	2010	40142	40267	404206.8936	1136407.479	1
2009060	1	2010	40131	40271	407326.4583	1057900.194	1
2009060	1	2011	40516	40669	417462.5598	1094280.891	1
2009060	1	2012	40897	41029	74914.22728	1422251.902	3
2009061	1	2010	40127	40267	384246.0365	1213305.398	1
2009062	1	2010	40150	40285	454370.8665	1117663.118	1
2009064	1	2010	40137	40272	406200.1151	1066358.501	1
2009064	1	2011	40512	40647	476022.9349	1134770.329	1
2009068	2	2010	40126	40271	-562857.1872	1083750.991	1
2009069	2	2010	40136	40271	-516047.7203	1102039.849	1
2009069	2	2011	40516	40656	-456118.2129	1214152.704	1
2009069	2	2012	40881	41016	-326325.9003	1280298.861	1
2009070	2	2010	40137	40272	-503048.1142	1063217.09	1
2009070	2	2011	40527	40662	-426308.2228	1219208.918	1
2009070	2	2012	40872	40992	-326805.1999	1244494.758	1
2009071	2	2010	40131	40271	-491341.9189	1072262.722	1
2009071	2	2011	40526	40661	-418361.9821	1243777.188	1
2009071	2	2012	40871	40998	-397051.3655	1258042.296	1
2009076	2	2010	40140	40270	-490098.2314	1063196.571	1
2009076	2	2011	40525	40665	-443138.3403	1177449.948	1
2009079	2	2012	40890	40985	-480453.3027	1241509.05	1
2009080	2	2010	40142	40267	-536569.7411	1061612.926	1
2009080	2	2011	40527	40662	-437317.9271	1216104.582	1
2009081	2	2010	40140	40270	-531985.2385	1076846.902	1
2009081	2	2011	40515	40660	-491612.9771	1154278.804	1
2009082	1	2012	40889	41038	428208.1241	1100117.754	1
2009085	1	2010	40151	40286	437577.2246	1115756.389	1
2009085	1	2011	40516	40666	468470.3714	1108508.533	1
2009085	1	2012	40896	41028	79544.975	1365794.485	3
2009088	1	2012	40897	41039	83994.73897	1331274.153	3
2009089	1	2010	40131	40286	357197.9705	1213450.458	1
2009092	1	2010	40146	40286	430222.6013	1113666.001	1
2009092	1	2011	40516	40666	427636.9556	1079475.682	1
2009093	1	2010	40147	40302	475345.2512	1124469.088	1
2009094	2	2012	40872	41012	-231662.6076	1293152.575	1
2009096	2	2012	40887	40988	-330383.4981	1287319.137	1
2010005	1	2012	40895	41026	106744.1728	1378445.216	3
2010010	2	2011	40524	40664	-433608.0908	1188325.826	1
2010017	2	2011	40525	40660	-418484.47	1216413.788	1
2010017	2	2012	40890	41010	-277428.1447	1303791.335	1
2010022	2	2012	40889	40997	-340038.8189	1243977.742	1
2010026	2	2012	40887	40998	-378604.6056	1236141.307	1
2010028	2	2011	40526	40661	-436074.2897	1209550.622	1
2010028	2	2012	40871	40986	-318059.4083	1258187.262	1
2010031	2	2011	40526	40651	-425367.0291	1228072.508	1
2010031	2	2012	40871	41001	-330970.9972	1261467.38	1
2010032	2	2011	40525	40655	-431152.1085	1213102.918	1
2010033	2	2011	40530	40665	-529142.5941	1202386.681	1
2010034	2	2011	40515	40660	-427188.1968	1191415.565	1
2010036	2	2011	40505	40660	-436324.9045	1229553.466	1
2010036	2	2012	40890	40995	-366342.684	1274894.235	1
2010039	1	2011	40514	40649	478308.2925	1132523.885	1
2010045	1	2011	40499	40624	308161.477	1227561.686	1
2010054	1	2011	40514	40654	428835.563	1066901.766	1
2010054	1	2012	40904	41024	71578.10664	1396834.64	3
2010055	1	2011	40489	40639	310692.8292	1235570.003	1
2010057	1	2011	40519	40664	425937.0538	1068428.466	1
2010059	1	2011	40516	40652	428345.7527	1072969.376	1
2010060	1	2011	40512	40664	471228.0641	1130195.471	1
2010060	1	2012	40876	41008	194557.1495	1244732.519	3
2010064	2	2011	40527	40669	-449906.7733	1234386.224	1
2010068	2	2011	40512	40662	-470745.0437	1175864.312	1
2010068	2	2012	40882	40998	-465713.0246	1235916.631	1
2010069	2	2011	40527	40662	-434084.6736	1216574.256	1
2010069	2	2012	40868	40993	-297431.3748	1287858.832	1
2010070	2	2011	40492	40662	-456384.6246	1209835.139	1
2010071	2	2012	40869	41009	-259662.7235	1301821.261	1
2010074	2	2011	40527	40662	-429355.8611	1211547.03	1
2010074	2	2012	40869	40994	-309480.3006	1283810.712	1
2010075	2	2011	40522	40662	-440977.0709	1209422.379	1
2010077	2	2011	40520	40660	-532379.417	1188660.029	1
2011002	2	2012	40886	40989	-412267.5083	1212157.99	1
2011003	2	2012	40886	40996	-380318.7224	1258091.196	1
2011005	2	2012	40871	41036	-308626.3276	1302559.986	1
2011006	2	2012	40871	41036	-328325.5954	1274216.752	1
2011027	2	2012	40883	40993	-402643.6654	1247008.622	1
2011028	2	2012	40888	41008	-308503.1991	1313443.007	1
2011029	2	2012	40888	40988	-422313.471	1091912.943	1
2011032	2	2012	40889	40984	-431958.9372	1227846.935	1
2011033	2	2012	40889	40994	-346837.2085	1272133.795	1
2011034	2	2012	40889	40989	-353694.2894	1262209.648	1
2011037	2	2012	40890	40970	-548123.601	1224974.472	1
2011038	2	2012	40894	40974	-271476.8332	1282999.423	1
2011040	2	2012	40883	40998	-388688.6627	1238952.11	1
2011041	2	2012	40869	40994	-284948.884	1288979.203	1
2011042	2	2012	40882	40992	-312292.3238	1190419.15	1
2011043	2	2012	40888	40993	-308621.7929	1296086.43	1
2011044	2	2012	40885	41025	-294695.597	1298390.975	1
2011045	2	2012	40884	40994	-343205.1994	1265932.849	1
2011046	2	2012	40900	40995	-396395.7979	1156652.196	1
2011047	2	2012	40888	40993	-375189.3219	1250355.495	1
2011049	1	2012	40882	41032	127435.4109	1233892.769	3
2011050	1	2012	40897	41027	67817.04317	1390599.462	3
2011051	1	2012	40895	41025	83520.63578	1391545.603	3
2011052	1	2012	40907	41032	79400.75478	1407167.166	3
2011053	1	2012	40907	41022	83267.09109	1389548.788	3
2011054	1	2012	40887	41002	90072.30035	1345911.367	3
2011058	1	2012	40890	41030	86950.27561	1395617.638	3
91031101	1	1992	33630	33687	-358619.8208	1644021.559	4
91031102	1	1993	33903	34105	372132.5014	1349590.853	1
91031104	1	1992	33599	33742	-53517.50349	1283491.834	3
91031104	1	1993	33908	34053	499384.9756	1191705.719	1
91031104	1	1994	34223	34473	-2682.664538	1267574.698	3
91031104	1	1995	34669	34820	-165446.9485	1054554.809	2
91051104	1	1992	33576	33740	-241525.7564	1073227.098	2
91051105	1	1992	33583	33742	-245611.5584	1018851.403	2
91051105	1	1993	33949	34105	-431845.0304	1731138.813	4
91051106	1	1992	33597	33625	-316236.2534	1328201.654	2
91051106	1	1992	33663	33729	-89720.73331	1658181.268	4
91051106	1	1993	33930	34100	376386.9982	1384982.003	1
92081110	1	1993	33910	34110	391868.176	1386839.103	1
92081110	1	1994	34320	34450	-424743.0526	1631814.788	4
92081110	1	1995	34679	34824	401103.8877	1445373.511	1
92081110	1	1996	35053	35184	386570.5799	1260940.942	1
92081116	2	1993	33940	34075	-122646.1206	1805674.042	2
92081121	1	1993	33945	34095	395171.2711	1345477.762	1
92081121	1	1994	34285	34435	453646.641	1347919.769	1
92081123	1	1993	33930	34105	399841.6641	1297949.06	1
92081123	1	1994	34310	34470	-531090.0555	1057990.131	2
93031104	1	1994	34293	34452	457728.7332	1353332.168	1
93031104	1	1995	34673	34818	-165798.7498	1031307.961	2
93031104	1	1996	35081	35185	93668.27357	1136920.488	3
93031104	1	1997	35387	35522	10896.88961	1122015.621	3
93031104	1	1998	35777	35902	415327.0094	1322725.335	1
93031104	1	1999	36160	36250	-453857.2186	1260738.716	2
93031104	1	2000	36495	36660	114224.5862	1153578.306	3
93031104	1	2001	36910	37010	-161760.7165	1278630.12	2
93031104	1	2002	37250	37375	179257.0731	1065990.169	3
93071202	2	1994	34327	34437	-516353.3723	1746914.039	2
93071202	2	1995	34672	34817	-389028.2201	1296414.552	1
93071202	2	1996	35062	35182	-417745.9293	1879913.484	2
93071203	2	1994	34337	34407	-172915.2719	1862262.809	2
93071204	2	1994	34307	34432	-106117.0767	1750412.5	2
93071204	2	1996	35027	35192	-141920.4262	1613409.966	2
93071204	2	1997	35372	35542	-306623.1181	1215042.545	1
93071204	2	1998	35787	35897	-255701.4334	970594.7584	1
93071204	2	1999	36192	36252	-425615.4526	1770711.702	2
93071205	2	1994	34297	34467	-120656.618	1667187.076	2
93071205	2	1995	34692	34812	-475481.0259	1872068.644	2
93071205	2	1996	35032	35147	-135838.3826	1704471.357	2
93071205	2	1998	35752	35842	-394359.1096	1283252.943	1
93071205	2	1998	35892	35922	-368181.1824	1809347.909	2
93071205	2	1999	36122	36252	-447923.7551	1256987.421	1
93071205	2	2000	36517	36662	-169700.9672	1550067.734	2
93071205	2	2001	36857	36917	-319564.9766	1331832.519	1
93071205	2	2001	36957	37017	-298351.3804	1797737.644	2
93071206	2	1994	34317	34447	-94509.47112	1784997.507	2
93071206	2	1995	34682	34837	-434072.2938	2005497.444	2
93071207	2	1994	34307	34462	-362151.3338	1641315.658	2
93071207	2	1996	35032	35197	-283267.6094	1173723.393	1
93101112	1	1994	34300	34455	430236.3066	1299765.095	1
93101112	1	1995	34675	34825	-168455.0977	1032184.969	2
93101112	1	1996	34998	35047	459605.6582	1282891.002	1
93101112	1	1996	35096	35193	93004.02029	1139855.409	3
93101112	1	1997	35421	35568	340658.3327	1291818.074	1
93101112	1	1998	35755	35900	394714.1965	1194781.384	1
93101112	1	2000	36520	36665	464635.4503	1302245.037	1
93101112	1	2001	36850	37010	-39552.98792	1425209.859	3
93101112	1	2002	37230	37350	332397.3696	1135526.646	1
93101112	1	2003	37620	37720	305709.7328	1159055.535	1
94021102	1	1995	34690	34825	-351756.0235	1057245.823	2
94021102	1	1996	35045	35185	356776.7659	1223349.516	1
94021203	2	1995	34675	34775	-339679.7351	1199084.496	1
94021203	2	1996	35045	35165	-169437.8164	1223823.468	1
94021203	2	1997	35402	35537	-294641.9475	1147054.469	1
94061201	2	1995	34727	34797	-414078.698	1686810.131	2
94061201	2	1996	35062	35162	-321323.5832	1832635.503	2
94061202	2	1995	34697	34817	-402957.5506	1801672.736	2
94061202	2	1996	35062	35197	-431089.8859	2007604.053	2
94061202	2	1997	35422	35527	-74061.38854	1704975.773	2
94061202	2	1998	35717	35897	-469154.042	2000701.859	2
94061202	2	1999	36122	36207	-436655.6194	1259865.929	1
94061202	2	1999	36227	36262	-342776.2294	1698419.473	2
94061202	2	2000	36527	36612	-267904.8317	1712606.52	2
94061202	2	2001	36857	36922	-305453.6332	1311467.325	1
94061202	2	2001	36952	37017	-279203.3758	1791364.841	2
94061204	2	1995	34682	34817	-343159.1168	1825280.942	2
94061204	2	1996	35067	35162	-314716.6142	1797541.671	2
94061204	2	1997	35422	35537	-75359.29553	1428602.088	2
94061204	2	1998	35747	35827	-317798.9946	1211036.092	1
94061204	2	1998	35892	35917	-307748.9389	1840003.623	2
94061204	2	1999	36187	36287	-346395.4445	1815258.935	2
94061204	2	2000	36532	36662	-133715.1046	1686173.525	2
94061204	2	2001	36817	36917	-369206.0378	1337121.18	1
94061204	2	2001	36947	37027	-200985.5958	1795472.296	2
94061204	2	2002	37292	37337	-321967.4327	1665636.52	2
94061204	2	2003	37647	37712	-159094.3365	1750226.172	2
94061205	2	1995	34705	34810	-482676.8668	1713151.47	2
94061206	2	1996	35057	35182	-415306.9677	1823740.644	2
94061206	2	1997	35402	35542	-149365.9652	1265759.374	1
94101101	1	1995	34672	34824	-176448.5547	1037037.983	2
94101101	1	1996	35039	35170	365434.4155	1229833.709	1
95031101	2	1997	35401	35564	-251274.3409	1086147.146	1
95031102	1	1996	35030	35180	344905.7649	1221943.289	1
95031103	1	1996	35030	35190	-13790.68284	1100403.467	3
95031103	1	1997	35425	35535	-106375.5652	1496748.951	4
95041102	1	1996	35045	35210	282057.234	1282743.167	1
95041103	1	1996	35040	35165	388903.3665	1303444.44	1
95041103	1	1997	35405	35565	-141900.059	1482315.332	4
95041103	1	1998	35757	35882	373045.7462	1195889.136	1
96041203	2	1997	35375	35515	-255335.1855	1349862.249	1
96041203	2	1998	35750	35840	-439460.8261	1271788.981	1
96041203	2	1998	35865	35900	-377892.7547	1578197.708	2
96041203	2	1999	36122	36247	-450967.7893	1282600.147	1
96041203	2	2000	36487	36647	-350118.612	1171444.271	1
96041203	2	2001	36862	36917	-417837.4945	1261582.828	1
96041203	2	2001	36962	37022	-329400.6552	1788042.757	2
96041203	2	2002	37225	37375	-280084.1173	1024351.751	1
96041206	2	1997	35426	35540	-133235.5544	1481846.872	2
96041206	2	1998	35735	35855	-377674.757	1312003.823	1
96041206	2	1998	35890	35920	-363501.3143	1889366.315	2
96041206	2	1999	36122	36188	-415584.3822	1268788.902	1
96041206	2	1999	36237	36305	-340517.9532	1887907.177	2
96041206	2	2000	36483	36613	-545252.7149	1237578.575	1
96041206	2	2001	36858	36923	-449545.8717	1275137.869	1
96041206	2	2001	36963	37013	-240271.7408	1812024.171	2
96041206	2	2002	37227	37302	-245270.2573	988092.2155	1
96041206	2	2002	37357	37382	-345022.5047	1865755.822	2
96041206	2	2003	37592	37742	-330506.0743	1020990.231	1
96101102	1	1997	35427	35572	338709.6879	1298307.572	1
96101102	1	1998	35772	35912	406746.9007	1195822.2	1
96101102	1	1999	36125	36280	-275197.593	1223203.206	2
96101102	1	2000	36495	36610	23875.77298	1001564.72	3
96101103	1	1997	35415	35525	51928.93974	1454312.397	3
97041201	2	1998	35752	35832	-363691.8927	1265832.648	1
97041201	2	1998	35872	35922	-397748.4316	1677890.271	2
97041201	2	1999	36112	36217	-403195.0564	1261382.996	1
97041201	2	1999	36227	36277	-380002.3681	1642231.442	2
97041201	2	2001	36832	36957	-354229.0017	1170813.58	1
97041202	2	1998	35747	35837	-415118.5963	1281161.02	1
97041202	2	1998	35892	35922	-401239.4662	1852670.337	2
97041202	2	1999	36117	36212	-357357.6548	1241283	1
97041202	2	1999	36227	36277	-364290.3014	1616530.819	2
97061106	1	1998	35785	35905	9909.97018	1032001.286	3
97061106	1	1999	36120	36265	584378.5115	1158654.196	1
97061202	2	1998	35697	35897	-467725.0071	2014949.402	2
97061202	2	1999	36122	36187	-415067.3177	1275437.055	1
97061202	2	1999	36217	36302	-394776.436	1789282.771	2
97061202	2	2000	36512	36652	-294913.7566	1169817.705	1
97061202	2	2001	36857	36953	-288051.9478	1243479.566	1
97061202	2	2001	36972	37012	-325687.0712	1655247.373	2
97071101	1	1998	35770	35890	368695.6463	1246782.421	1
97071102	1	1998	35760	35845	-374967.2256	1251306.496	2
97071102	2	1999	36210	36285	-370053.974	1742354.594	2
97071102	1	2000	36529	36661	419531.4629	1310164.857	1
97071102	1	2001	36875	37006	-64155.57911	1384854.24	3
97071102	1	2002	37235	37394	-277879.7588	1120163.625	2
97071102	1	2003	37585	37750	-209327.5918	1084170.577	2
97071103	1	1998	35790	35905	412233.2687	1293645.888	1
97071103	1	1999	36130	36285	409379.6421	1371022.535	1
97101210	2	1998	35752	35827	-300996.8836	1192665.008	1
97101210	2	1998	35872	35897	-380275.6383	1591200.644	2
98061103	1	1999	36135	36265	366326.871	1326661.981	1
98061103	1	2000	36530	36645	-120110.9451	1555897.277	4
98061103	1	2001	36855	37015	-124223.8751	1377224.806	3
98061103	1	2002	37240	37370	174616.4238	1077978.065	3
98061103	1	2003	37580	37735	305344.9904	1076713.497	1
98061106	2	1999	36117	36197	-328757.5575	1236779.075	1
98061106	2	1999	36227	36277	-357639.0994	1608257.383	2
98061107	1	1999	36125	36275	413526.5241	1384932.661	1
98061107	1	2000	36485	36605	608801.3743	1139940.953	1
99021202	2	2000	36557	36667	-395933.6684	1893746.108	2
99021202	2	2001	36887	36922	-365315.8347	1379910.159	1
99021202	2	2001	36947	37017	-247495.9407	1789062.464	2
99021202	2	2002	37227	37372	-223931.1451	1011032.362	1
99021202	2	2003	37597	37737	-299517.9259	974303.1842	1
99021202	2	2004	37962	38127	-558520.7271	1187663.058	1
99041201	2	2000	36487	36642	-403437.2129	1128775.488	1
99041201	2	2001	36862	36922	-400559.358	1268251.526	1
99041201	2	2001	36937	37012	-341399.5763	1747711.039	2
99041201	2	2002	37277	37342	-286623.9971	1644190.867	2
99041202	2	2000	36512	36647	-143167.1346	1470369.195	2
99041202	2	2001	36866	36927	-304513.0076	1231980.782	1
99041202	2	2001	36962	37012	-361093.6609	1767059.607	2
99041202	2	2002	37227	37302	-270218.8197	1030791.21	1
99041202	2	2002	37352	37387	-363398.1795	1802565.876	2
99061102	1	2000	36495	36645	-124812.9077	1648028.954	4
99061102	1	2001	36860	36990	-66959.36213	1283685.519	3
99061201	2	2000	36537	36662	-422375.2937	1828221.432	2
99061201	2	2002	37222	37307	-349857.5174	1030070.659	1
99061201	2	2002	37342	37382	-325209.6734	1826036.416	2
99061201	2	2003	37592	37747	-425802.0868	967235.1462	1
99061201	2	2004	37962	38117	-503785.834	952715.1988	1
99061201	2	2005	38317	38467	-465620.3459	1017203.422	1
99061201	2	2006	38711	38801	-495057.2905	1262751.967	1
99061201	2	2008	39436	39561	-643136.6276	896998.4601	1
2000112065	2	2001	36852	36912	-364248.5043	1295396.88	1
2000112065	2	2001	36967	37012	-204279.0894	1805901.164	2
2000112065	2	2002	37237	37392	-377416.7357	1061778.043	1
2003061201	2	2004	37962	38092	-329444.1441	1052795.757	1
2003061206	2	2004	37957	38077	-431136.9965	911394.5573	1
20000611005	1	2001	36845	37010	375720.8938	1240995.577	1
20000611005	1	2002	37230	37385	-259459.0718	1037252.068	2
20000611005	2	2003	37585	37747	-348317.1927	1021552.666	1
20000611005	2	2004	37963	38131	-492223.3101	1194366.391	1
20000611005	2	2005	38347	38462	-98108.26318	1595445.202	2
20000611005	2	2006	38682	38747	-318133.6742	1271759.099	1
20000611005	2	2006	38787	38827	-146400.1661	1737504.614	2
20000611005	2	2007	39047	39190	-414758.2574	1012370.137	1
20000611009	1	2001	36880	37010	-37822.25629	1335834.367	3
20000611009	1	2002	37220	37375	-283544.7614	1049859.139	2
20000611009	2	2003	37582	37737	-332961.2123	1027080.011	1
20000611009	2	2004	37962	38122	-307756.6737	901154.7602	1
20000611015	1	2001	36846	36976	416382.7425	1200467.375	1
20000611015	2	2002	37232	37376	-230016.6578	1017240.227	1
20020611001	1	2003	37585	37735	327779.6801	1089563.625	1
20020611001	1	2004	37950	38130	347315.0985	971658.3391	1
20020611002	1	2003	37630	37750	374361.7108	1348413.9	1
20031011001	1	2004	37965	38115	-459148.3906	1028721.351	2
20031011001	1	2005	38335	38455	317774.5578	1127449.031	1
20031011002	2	2004	37965	38125	-368023.611	1051112.424	1
20031011002	1	2005	38330	38470	-21709.79169	1537089.55	4
20031011002	1	2006	38705	38835	438097.514	1204463.277	1
20031011003	1	2004	38010	38085	-220023.0032	1554610.869	4
20031011004	2	2004	37965	38110	-430931.7858	841809.7753	1
20031011004	2	2005	38330	38455	-423024.0801	841406.1213	1
20031011004	2	2006	38700	38745	-347701.9994	1285900.936	1
20031011004	2	2006	38775	38835	-138992.2847	1700033.083	2
20031011004	2	2007	39055	39180	-463226.3883	854087.2959	1
20031011004	2	2008	39428	39548	-480711.295	802882.1816	1
20031011005	1	2004	37965	38105	-581896.4711	944040.6345	2
20031011005	1	2005	38305	38470	291228.0535	1258270.116	1
20031011005	1	2006	38675	38835	2905.602172	1285326.614	3
20031011005	1	2007	39055	39190	503647.7702	1144254.556	1
20031011005	1	2008	39440	39565	-21935.12736	1380818.496	3
20031012006	2	2004	37962	38087	-421743.8621	1233622.881	1
20031012006	2	2005	38347	38387	-210325.6684	1376268.509	1
20031012006	2	2005	38422	38487	-169819.9798	1829738.13	2
20031012006	2	2006	38690	38740	-279659.1594	1205252.108	1
20031012006	2	2006	38785	38850	-220921.7528	1806466.809	2
20031012007	2	2004	37972	38117	-450503.9194	1015737.666	1
20031012007	2	2005	38342	38462	-431375.176	992184.8841	1
20031012007	2	2006	38742	38847	-183377.7608	1778160.446	2
20031012007	2	2007	39052	39187	-407775.0131	1004061.052	1
20031012007	2	2008	39423	39558	-459572.3312	1081004.95	1
20031012007	2	2009	39778	39933	-507506.4931	1166303.42	1
20031012007	2	2010	40143	40268	-555196.8717	1115177.843	1
20031012007	2	2012	40880	40995	-343252.1785	1052213.421	1
GR19991	1	2000	36486	36637	567704.5362	1145982.799	1
GR2000003	1	2001	36841	37002	405802.8209	1217079.989	1
GR2000004	1	2001	36853	37014	-67585.65755	1400705.024	3
GR2000005	1	2001	36873	37014	-66909.45253	1395277.964	3
GR2000005	1	2002	37238	37402	194515.6824	1084942.304	3
GR2000005	1	2003	37590	37734	305488.1341	1137524.291	1
GR2000005	1	2004	37957	38118	-444386.7474	904989.1687	2
GR2000006	1	2001	36845	37018	341139.5823	1197559.048	1
GR2000006	1	2002	37242	37406	164283.0928	1086072.472	3
GR2000006	1	2003	37590	37750	-231129.1761	1146094.067	2
GR2000006	2	2004	37966	38126	-580970.6139	951666.4819	1
GR2001001	1	2002	37242	37370	165583.0657	1082887.122	3
GR2001021	1	2002	37234	37374	-177210.3625	951661.3656	2
GR2002001	1	2003	37586	37722	138651.6472	993803.9519	3
GR2002002	1	2003	37601	37745	301179.9918	1128000.656	1
GR2002002	1	2004	37961	38125	-485604.759	1191623.112	2
GR2002002	2	2005	38337	38465	-459849.9243	1016786.233	1
GR2002003	1	2003	37605	37749	371041.9937	1325108.04	1
GR2002003	1	2004	37951	38119	348486.4676	1029803.68	1
GR2002003	1	2005	38314	38490	289447.5245	1290748.705	1
GR2002004	1	2003	37626	37746	378368.202	1368751.673	1
GR2003001	1	2004	37962	38130	-60439.73266	1017863.67	3
GR2003001	1	2005	38338	38470	-219609.9797	1048870.683	2
GR2003003	1	2004	37962	38130	39418.44157	1135841.684	3
GR2003003	1	2005	38305	38468	316639.6002	1268025.929	1
GR2003004	1	2004	37951	38122	259077.0555	933726.7545	1
GR2004001	1	2005	38310	38465	376042.3616	1141522.362	1
GR2004002	1	2005	38336	38471	-142004.3117	1123986.164	2
GR2004002	1	2006	38716	38836	407480.5268	1216881.713	1
GR2004002	1	2007	39056	39191	399651.1448	1121409.915	1
GR2004002	1	2008	39406	39551	434966.6837	1062733.155	1
GR86112	1	1987	31793	31880	-207067.508	1590750.914	4
GR86112	1	1988	32118	32229	-269295.2493	1177693.166	2
GR86112	1	1989	32497	32602	-412819.8953	1292061.712	2
GR86113	1	1987	31799	31883	-206746.0619	1587383.923	4
GR86113	1	1988	32102	32227	-348763.8995	1187572.488	2
GR86117	1	1987	31733	31883	-299787.3967	1484027.798	4
GR86117	1	1988	32110	32249	-265953.3532	1168239.639	2
GR86120	1	1987	31802	31853	-129329.2026	1636390.501	4
GR87103	1	1988	32117	32245	363751.2557	1302991.929	1
GR87104	1	1988	32102	32242	-340687.5427	1180446.221	2
GR87104	1	1989	32469	32562	-344189.1829	1346811.164	2
GR87104	1	1989	32586	32634	-356.7350461	1606274.681	4
GR88102	1	1989	32514	32634	-25348.18729	1550617.484	4
GR88102	1	1990	32846	33010	-426949.4658	1598509.797	4
GR88103	1	1989	32485	32566	-417792.516	1260470.255	2
GR88103	1	1990	32874	32990	-130507.4209	1757267.452	4
GR89118	1	1990	32858	32926	-648018.0984	1249548.598	2
GR89118	1	1991	33246	33358	-410387.5771	1740762.576	4
GR89118	2	1992	33598	33737	-340955.4018	1018573.531	1
GR90104	1	1991	33217	33355	-637742.3545	1247317.752	2
GR90104	1	1992	33643	33726	-193371.3547	1695700.396	4
GR90104	1	1994	34334	34458	-139381.9104	1681501.785	4
GR90104	1	1995	34674	34826	-179017.767	1032530.518	2
GR90107	1	1991	33232	33337	-245425.3671	1620773.063	4
GR90108	1	1991	33238	33313	-338576.1925	1648584.645	4
GR90109	1	1991	33241	33313	-306297.9859	1589612.109	4
GR90109	1	1992	33571	33710	-122340.3313	1167371.781	2
GR90124	1	1992	33641	33713	-215975.3177	1570995.691	4
GR90124	1	1993	33917	34106	420438.5344	1276364.081	1
GR90125	1	1991	33217	33364	-132147.4392	969764.8656	2
GR90125	1	1992	33601	33720	-81872.05643	1512249.221	4
GR90127	1	1991	33223	33355	380644.197	1246998.938	1
GR90127	1	1992	33571	33735	-43468.9554	1254579.206	3
GR90127	1	1993	33889	34106	440275.7459	1293638.561	1
GR90128	1	1991	33241	33367	388527.9052	1264349.757	1
GR90128	1	1992	33628	33689	-361999.1973	1714251.137	4
GR90129	1	1991	33238	33378	320959.495	1306381.568	1
GR91106	1	1992	33562	33586	-196517.665	1074652.941	2
GR91106	1	1992	33646	33689	-374737.2667	1558761.388	4
GR91106	1	1993	33994	34090	366015.9516	1380271.326	1
GR91106	1	1994	34322	34498	378700.5009	1167925.392	1
GR91108	1	1992	33602	33725	-264914.6082	1139461	2
GR91110	1	1992	33634	33681	-334004.0355	1556737.886	4
GR91110	1	1993	33925	34095	362635.1609	1390049.889	1
GR91110	1	1994	34286	34454	515195.664	1285498.321	1
GR91110	1	1995	34670	34822	-178489.4157	1031100.235	2
GR91110	1	1996	35051	35170	381253.1862	1258251.507	1
GR91110	1	1997	35414	35539	77218.99489	1426026.26	3
GR91110	1	1998	35786	35918	404406.9176	1310500.369	1
GR91110	1	1999	36134	36266	412716.0116	1214892.1	1
GR91111	1	1992	33558	33741	-725.3686676	1292552.555	3
GR91111	1	1993	33945	34090	-133972.3177	1784996.35	4
GR91112	1	1992	33598	33705	-62110.61137	1489944.721	4
GR91112	1	1993	33909	34106	393158.8071	1386653.961	1
GR92101	1	1993	33885	34102	409052.414	1298515.422	1
GR93101	1	1994	34286	34446	526648.8374	1277933.912	1
GR93101	1	1995	34662	34798	534106.5141	1287200.024	1
GR93101	1	1996	35034	35185	326307.501	1255075.789	1
GR93102	1	1994	34286	34446	505575.3315	1279207.942	1
GR93102	1	1996	35038	35205	307406.9466	1296017.148	1
GR93103	1	1994	34303	34427	423752.0213	1424130.748	1
GR93103	1	1995	34675	34819	-40856.89372	1064515.598	3
GR93104	1	1994	34306	34454	392339.315	1418097.16	1
GR93104	1	1995	34678	34814	399624.1144	1427221.302	1
GR93105	1	1994	34286	34470	151900.4607	1083561.967	3
GR94101	1	1995	34678	34814	407219.6965	1433334.546	1
GR94101	1	1996	35042	35174	344403.9376	1121667.806	1
GR94102	1	1995	34672	34824	-200848.5583	1049106.298	2
GR94102	1	1996	35024	35189	75941.50124	1143722.653	3
GR94102	1	1997	35389	35542	-72469.75049	1224569.917	3
GR94102	1	1998	35846	35906	409675.4499	1440880.689	1
GR94102	1	1999	36152	36244	393898.5694	1404954.349	1
GR94109	1	1995	34658	34806	466051.9046	1362789.327	1
GR94109	1	1996	35090	35189	87347.05728	1140109.858	3
GR94109	1	1997	35405	35570	378829.9915	1270290.191	1
GR94109	1	1998	35778	35910	385886.9342	1259358.395	1
GR94109	1	1999	36122	36270	466322.7917	1169197.086	1
GR94110	1	1995	34658	34814	445068.61	1379711.964	1
GR94110	1	1996	35006	35181	350237.7757	1264082.065	1
GR94111	1	1995	34675	34831	517812.3853	1283318.755	1
GR94111	1	1996	35067	35210	243210.622	1276227.826	1
GR94111	1	1997	35393	35562	-39696.22778	1404485.439	3
GR95001	1	1996	35034	35181	349837.434	1308558.224	1
GR96001	1	1997	35413	35534	443398.9491	1360164.803	1
GR96002	1	1997	35400	35559	-197466.7747	1448790.496	4
GR96002	1	1998	35776	35901	-181563.7796	1031371.521	2
GR96002	1	1999	36114	36266	380121.2981	1426364.736	1
GR96002	1	2000	36490	36649	-101210.7936	1610969.32	4
GR96002	1	2001	36861	37014	-63101.79715	1395601.014	3
GR96002	1	2002	37230	37390	-271615.4122	1013934.169	2
GR96002	1	2003	37608	37738	41994.27426	1014605.086	3
GR96003	1	1997	35421	35542	-50905.56344	1407198.871	3
GR96003	1	1998	35734	35899	436566.217	1279254.486	1
GR96003	1	1999	36127	36263	473446.058	1197639.33	1
GR96003	1	2000	36551	36671	-252036.1017	1823877.934	4
GR96003	2	2001	36835	36920	-380058.5588	1243456.171	1
GR96003	2	2001	36975	37030	-187327.8917	1790175.435	2
GR96003	2	2002	37230	37375	-255674.3685	1027837.737	1
GR96003	2	2003	37587	37747	-235094.2423	990818.4187	1
GR96003	2	2004	37962	38122	-546804.5622	998596.7826	1
GR96003	2	2005	38360	38425	-299139.4854	1324371.734	1
GR96004	1	1997	35401	35542	-10476.30534	1319660.191	3
GR96005	1	1997	35393	35538	-67608.53783	1260982.952	3
GR96005	1	1998	35774	35914	-145429.7746	988252.6425	2
GR96006	1	1997	35393	35574	-68819.11539	1368355.081	3
GR96006	1	1998	35762	35918	348550.0276	1281115.874	1
GR96006	1	1999	36122	36286	462132.129	1195256.027	1
GR96006	1	2000	36490	36652	-93397.48137	1419142.16	3
GR96006	1	2001	36865	37014	-61224.93878	1344387.948	3
GR96007	1	1997	35397	35562	65073.03547	1437513.675	3
GR96007	1	1998	35770	35898	373634.803	1176088.022	1
GR96007	1	1999	36130	36266	428738.391	1211561.706	1
GR96007	1	2000	36514	36649	-91974.44767	1603050.513	4
GR96007	1	2001	36918	37014	-176268.4857	1446552.106	4
GR96007	1	2002	37230	37382	175030.7704	1082711.863	3
GR96008	1	1997	35409	35542	-44482.96737	1424468.181	3
GR96008	1	1998	35770	35914	-55610.04743	1006586.217	3
GR96008	1	1999	36102	36282	376236.93	1377592.615	1
GR96008	1	2000	36510	36661	-125292.7614	1578814.741	4
GR96008	1	2001	36861	36926	-330379.1847	1191722.43	2
GR96008	1	2001	36990	37012	-319940.7151	1634425.075	4
GR96008	1	2002	37230	37394	-241510.589	1044190.816	2
GR96008	1	2003	37626	37738	377693.0824	1343857.779	1
GR97005	1	1998	35774	35898	374705.6434	1176967.985	1
GR97005	1	1999	36126	36262	460538.6525	1180437.204	1
GR97005	1	2000	36490	36665	-102285.027	1548927.657	4
GR97006	1	1998	35770	35898	378719.6003	1211749.716	1
GR98003	1	1999	36123	36267	-304875.272	1247214.988	2
GR98003	1	2000	36507	36642	-286712.8656	1685806.901	4
GR98003	2	2001	36820	36915	-405451.566	1270789.216	1
GR98003	2	2001	36945	37010	-287289.0927	1729191.399	2
GR98003	1	2002	37230	37300	-221211.4304	1005337.095	2
GR98003	2	2003	37600	37745	-391178.87	935355.3178	1
GR98003	2	2004	37965	38150	-423823.2876	820061.1105	1
