Pop1100001	1	131	131	153	157	160	160	168	172	153	217	236	244	307	307	310	338	0	0
Pop1100002	1	115	135	153	153	152	156	140	224	209	229	232	232	311	311	326	338	356	376
Pop1100003	1	127	135	153	153	140	156	196	212	185	189	232	236	307	307	330	334	0	0
Pop1100004	1	131	135	145	153	144	144	164	228	181	197	228	232	0	0	318	326	356	360
Pop1100005	1	131	131	145	157	152	152	152	152	189	213	232	236	0	0	326	334	348	380
Pop1100006	1	123	131	145	145	144	156	160	192	181	193	228	228	311	315	310	338	0	0
Pop1100007	1	127	139	145	153	140	144	178	180	185	197	228	236	311	311	326	334	360	368
Pop1100008	1	123	135	145	153	144	152	192	204	185	209	236	236	315	315	338	346	356	368
Pop1100009	1	127	135	145	153	140	144	188	188	173	225	228	244	307	315	330	334	364	364
Pop1100010	1	135	135	153	153	140	164	156	180	177	201	240	240	315	315	0	0	352	372
Pop1100011	1	127	127	145	145	144	152	172	192	189	217	224	236	307	307	326	338	352	360
Pop1100012	1	127	135	153	153	140	152	196	212	189	193	240	240	315	315	322	350	356	368
Pop1100013	1	127	135	145	153	144	144	152	172	177	193	232	236	315	315	334	338	348	348
Pop1100014	1	131	131	153	157	144	156	152	180	173	185	0	0	311	311	318	334	356	360
Pop1100015	1	135	135	145	157	152	156	212	212	181	209	228	240	311	311	326	330	356	372
Pop1100016	1	115	131	153	161	140	156	152	180	181	197	228	240	315	315	314	342	352	384
Pop1100017	1	127	135	145	145	152	152	152	160	169	177	228	232	307	307	318	330	364	372
Pop1100018	1	127	131	153	153	144	152	172	184	205	229	232	232	315	315	330	334	0	0
Pop1100019	1	131	143	153	157	148	156	204	208	193	193	228	236	311	315	330	334	356	368
Pop1100020	1	131	139	157	157	144	156	180	224	189	201	224	228	315	315	322	354	356	364
Pop1100021	1	115	127	145	145	144	160	180	216	169	193	228	236	315	315	354	378	0	0
Pop1100022	1	123	127	153	153	140	160	196	236	197	201	232	240	303	315	0	0	356	360
Pop1100023	1	127	131	0	0	152	152	212	216	185	225	240	240	307	311	322	326	356	372
Pop1100024	1	127	131	145	153	148	148	180	232	193	193	236	240	307	307	318	334	372	376
Pop1100025	1	131	131	145	157	152	168	216	232	197	229	232	232	307	307	306	330	360	372
Pop1100026	1	127	139	153	157	156	156	200	212	189	193	232	248	307	307	314	326	0	0
Pop1100027	1	127	135	145	153	144	156	184	220	153	181	240	248	319	319	314	330	356	360
Pop1100028	1	127	139	157	161	144	164	212	212	0	0	232	244	307	307	322	330	356	364
Pop1100029	1	131	135	153	153	144	168	180	220	189	193	236	240	311	311	330	334	0	0
Pop1100030	1	131	131	145	153	144	156	212	212	177	217	240	244	307	315	322	334	364	364
Pop1100031	1	123	131	153	161	156	156	160	164	185	201	236	240	315	315	334	338	364	380
Pop1100032	1	127	131	145	145	144	144	152	188	181	189	232	236	319	319	322	334	356	372
Pop1100033	1	127	131	145	153	164	164	140	224	185	189	236	244	315	315	334	342	380	380
Pop1100034	1	139	143	153	157	148	160	156	224	185	185	232	236	315	315	330	334	360	364
Pop1100035	1	127	131	153	153	144	152	180	180	193	197	228	244	315	315	342	382	360	360
Pop1100036	1	131	135	153	157	164	164	180	228	185	213	228	236	319	319	334	382	348	380
Pop1100037	1	123	127	153	153	144	160	196	216	189	193	240	244	307	315	330	334	0	0
Pop1100038	1	139	139	153	153	144	144	196	212	189	205	228	240	307	307	334	374	0	0
Pop1100039	1	123	139	153	153	140	144	180	196	181	201	240	244	307	311	330	354	348	368
Pop1100040	1	131	135	153	153	144	160	178	200	181	209	236	236	315	315	322	338	352	368
Pop100001	2	131	135	153	153	152	164	184	188	177	225	232	244	303	303	314	342	364	364
Pop100002	2	131	135	153	153	144	168	168	172	197	205	228	236	303	303	314	322	360	368
Pop100003	2	115	127	153	153	144	144	164	164	197	197	232	232	315	319	334	374	360	360
Pop100004	2	135	139	153	153	148	156	172	196	181	201	232	240	315	315	334	346	364	364
Pop100005	2	131	135	0	0	144	156	0	0	185	217	240	240	311	315	330	338	364	372
Pop100006	2	127	135	145	145	152	168	152	180	181	209	228	228	307	307	314	334	352	364
Pop100007	2	115	135	153	153	144	156	156	248	189	197	0	0	315	315	338	338	356	364
Pop100008	2	127	131	145	145	144	160	152	196	193	201	228	228	311	311	0	0	352	356
Pop100009	2	131	135	153	153	152	152	152	184	189	193	240	244	307	315	334	334	352	356
Pop100010	2	131	139	153	157	144	164	156	192	197	209	236	240	307	307	314	366	0	0
Pop100011	2	127	131	145	153	132	144	196	236	177	189	232	244	315	315	314	330	360	360
Pop100012	2	131	135	145	145	152	164	180	228	193	237	236	240	307	307	314	330	360	372
Pop100013	2	127	127	145	145	140	144	208	216	181	197	240	240	307	307	330	330	352	356
Pop100014	2	127	139	145	153	156	160	0	0	185	225	228	244	307	315	330	342	344	364
Pop100015	2	0	0	153	153	144	144	0	0	193	193	240	244	307	307	314	346	344	356
Pop100016	2	123	127	153	153	140	144	184	192	189	189	232	240	307	311	314	334	364	380
Pop100017	2	127	131	153	165	144	152	196	196	177	209	224	236	311	315	330	330	360	364
Pop100018	2	127	127	145	157	144	144	180	188	181	221	232	244	311	315	310	330	368	368
Pop100019	2	127	131	145	145	144	156	156	208	181	189	228	244	315	315	330	338	332	372
Pop100020	2	127	127	153	153	144	156	172	192	189	209	0	0	307	315	310	362	356	360
Pop100021	2	131	135	145	153	144	144	172	212	205	217	228	232	315	315	322	326	0	0
Pop100022	2	127	127	145	145	140	144	172	180	193	197	236	240	311	311	318	330	360	360
Pop100023	2	131	131	145	153	144	144	212	216	173	217	232	232	315	315	334	334	356	368
Pop100024	2	131	131	153	157	156	160	168	184	193	217	228	232	315	315	330	350	348	356
Pop100025	2	135	135	145	145	144	148	152	172	185	209	224	240	311	311	326	330	352	356
Pop200001	3	127	139	153	153	140	160	172	180	181	193	232	232	315	315	334	350	336	356
Pop200002	3	127	139	145	145	156	160	0	0	181	193	228	236	307	307	334	338	364	364
Pop200003	3	127	131	153	153	144	164	152	180	165	213	236	244	311	315	0	0	364	368
Pop200004	3	131	131	153	157	144	144	0	0	185	185	232	240	307	315	330	334	0	0
Pop200005	3	127	131	153	157	144	160	0	0	197	213	228	236	311	315	334	358	0	0
Pop200006	3	127	131	153	157	144	160	0	0	197	213	228	236	311	315	334	358	360	360
Pop200007	3	131	131	145	157	144	152	0	0	185	185	232	236	315	315	338	378	0	0
Pop200008	3	127	139	153	153	144	144	172	196	189	213	232	248	319	319	318	338	0	0
Pop200009	3	127	127	153	157	144	168	160	172	189	217	228	232	307	307	330	338	348	364
Pop200010	3	131	131	153	153	140	144	176	180	165	221	0	0	311	311	330	330	348	360
Pop200011	3	127	131	145	145	144	144	220	232	181	193	236	244	315	315	0	0	340	376
Pop200012	3	127	131	145	145	152	156	156	172	189	201	240	240	315	315	330	338	352	360
Pop200013	3	131	139	153	157	144	152	152	188	185	201	228	236	315	315	330	330	348	364
Pop200014	3	127	131	153	153	144	144	164	196	189	189	236	244	307	311	318	334	340	356
Pop200015	3	123	143	145	153	144	152	152	180	177	209	228	232	0	0	330	330	360	364
Pop200016	3	127	131	153	153	152	152	192	212	181	197	232	232	311	311	310	338	356	368
Pop200017	3	131	139	145	153	144	160	178	200	193	205	248	248	307	307	326	334	360	360
Pop200018	3	131	131	145	153	144	148	180	180	173	185	228	244	307	307	330	334	368	380
Pop200019	3	131	131	157	157	156	160	172	180	181	205	240	244	315	315	322	334	352	364
Pop200020	3	131	131	145	157	156	156	184	204	181	185	232	244	307	315	338	338	356	364
Pop200021	3	115	139	153	161	156	172	180	216	197	205	244	244	315	315	326	338	348	368
Pop200022	3	131	131	153	153	144	144	152	212	193	197	228	228	307	307	310	338	364	368
Pop200023	3	123	127	145	157	144	156	164	184	197	213	228	232	315	315	0	0	364	364
Pop200024	3	127	135	153	153	140	140	178	220	177	197	228	228	315	315	342	358	0	0
Pop200025	3	131	131	145	153	144	160	172	184	197	201	224	244	315	315	302	338	352	368
Pop200026	3	127	131	153	153	144	148	152	180	177	193	228	240	315	315	338	362	0	0
Pop200027	3	123	135	145	145	144	160	180	200	205	213	228	240	307	307	330	334	0	0
Pop200028	3	127	135	145	153	148	156	152	220	209	233	232	232	311	311	306	338	344	360
Pop200029	3	131	131	145	153	148	168	172	188	185	193	224	228	307	307	318	326	332	360
Pop200030	3	127	131	153	157	144	148	178	180	197	209	240	240	315	315	334	362	356	372
Pop200031	3	131	135	145	153	156	156	180	180	201	217	232	240	307	307	326	366	360	364
Pop200032	3	127	131	161	161	144	144	184	188	205	213	236	240	307	311	334	334	0	0
Pop200033	3	127	131	153	153	152	152	188	232	201	209	224	228	315	315	334	342	356	368
Pop200034	3	135	139	145	157	140	148	188	260	161	193	240	244	311	315	322	330	356	360
Pop200035	3	127	139	153	153	144	144	0	0	185	193	240	240	315	315	326	338	0	0
Pop200036	3	123	127	145	153	156	168	156	196	177	193	236	240	307	315	330	342	360	384
Pop200037	3	131	135	149	153	144	156	172	216	193	209	228	232	307	315	330	362	368	376
Pop200038	3	131	131	153	153	140	144	178	200	185	189	232	232	0	0	334	334	368	372
Pop200039	3	131	131	153	153	140	160	184	192	181	189	228	240	315	315	338	338	0	0
Pop200040	3	127	135	145	153	152	172	180	200	193	213	240	244	315	315	330	334	364	368
Pop200041	3	131	131	145	157	156	164	212	224	189	229	232	236	307	307	330	334	0	0
Pop200042	3	127	131	153	153	144	144	152	152	193	193	232	244	307	315	310	326	352	372
Pop200043	3	123	131	145	149	144	144	160	176	185	209	232	232	311	315	334	338	356	364
Pop200044	3	127	135	149	153	140	144	168	192	189	189	228	228	307	319	330	330	364	368
Pop200045	3	127	131	145	153	160	164	168	236	189	205	224	236	311	311	318	334	356	380
Pop200046	3	131	131	153	153	156	156	152	220	209	209	224	236	315	315	330	334	352	372
Pop200047	3	135	143	153	153	160	160	152	196	193	209	240	240	311	311	330	338	364	376
Pop200048	3	127	131	145	153	152	160	172	192	185	185	232	240	315	315	330	338	352	356
Pop200049	3	119	123	153	157	140	156	180	232	189	197	244	244	315	315	330	334	348	360
Pop200050	3	131	139	145	153	144	160	184	216	197	197	228	232	315	315	330	358	352	356
Pop200051	3	131	131	145	157	144	148	164	188	173	201	232	236	311	311	0	0	348	368
Pop200052	3	131	131	153	157	140	144	152	172	177	201	232	240	311	315	330	334	356	380
Pop200053	3	131	135	145	145	140	156	152	172	185	205	228	232	311	315	326	338	348	348
Pop200054	3	127	127	145	145	160	160	188	232	181	197	244	244	315	315	318	342	0	0
Pop200055	3	123	135	157	157	144	168	156	172	197	209	228	244	315	315	330	334	336	364
Pop200056	3	127	131	145	157	140	152	164	184	177	217	232	244	315	315	330	334	352	352
Pop200057	3	127	131	149	153	148	152	164	178	197	197	0	0	307	307	302	334	348	360
Pop200058	3	131	139	145	145	152	156	152	192	181	181	228	240	307	307	0	0	0	0
Pop200059	3	127	131	145	153	144	152	156	216	185	193	232	232	311	315	322	330	356	360
Pop200060	3	131	131	153	153	156	156	172	180	173	193	228	244	315	315	330	338	0	0
Pop1300001	4	127	131	145	149	140	144	180	212	185	193	228	232	307	311	330	358	364	372
Pop1300002	4	127	131	145	153	144	144	152	156	0	0	240	248	315	315	334	354	360	368
Pop1300003	4	127	127	153	153	152	152	152	244	193	197	236	244	307	311	322	330	0	0
Pop1300004	4	115	139	145	145	140	144	152	232	189	213	236	236	307	307	334	338	0	0
Pop1300005	4	123	123	157	161	140	144	172	216	189	221	244	244	311	311	330	358	356	364
Pop1300006	4	131	131	145	145	144	152	216	220	0	0	232	240	303	303	338	354	348	368
Pop1300007	4	127	131	153	157	140	144	168	208	177	221	232	244	303	315	326	338	352	360
Pop1300008	4	131	131	145	153	144	152	188	228	189	197	236	236	0	0	326	342	348	360
Pop1300009	4	123	127	145	157	144	156	176	208	189	197	232	232	307	307	338	362	356	364
Pop1300010	4	127	131	153	157	140	144	180	240	193	201	0	0	307	307	326	350	368	380
Pop1300011	4	127	131	145	157	152	164	0	0	189	189	228	228	307	307	330	342	0	0
Pop1300012	4	135	139	153	153	144	156	172	192	181	197	232	232	311	311	322	342	352	364
Pop1300013	4	139	143	145	153	148	148	172	232	205	221	228	240	0	0	330	334	356	380
Pop1300014	4	135	135	153	157	156	160	184	196	221	221	232	240	315	315	330	330	368	376
Pop1300015	4	131	143	153	169	156	164	180	220	169	209	232	232	311	315	318	382	356	360
Pop1300016	4	131	139	145	157	152	164	156	188	189	189	236	248	307	307	306	330	368	372
Pop1300017	4	115	135	145	145	140	144	208	216	189	201	0	0	315	319	330	366	352	368
Pop1300018	4	131	131	145	161	144	168	200	232	213	221	232	248	307	307	334	402	356	356
Pop1300019	4	115	127	145	149	144	160	184	196	209	225	240	244	315	315	0	0	352	364
Pop1300020	4	127	135	153	161	140	144	180	200	201	209	240	244	311	311	330	338	352	352
Pop1300021	4	131	139	153	153	152	172	184	196	193	213	240	240	311	315	326	386	344	364
Pop1300022	4	127	139	153	157	148	152	180	184	185	185	232	232	311	311	322	334	0	0
Pop1300023	4	131	135	145	153	144	144	152	152	197	201	232	236	0	0	0	0	348	360
Pop1300024	4	127	147	153	153	140	144	156	180	201	205	236	248	0	0	330	342	356	368
Pop1300025	4	123	143	153	157	160	160	152	216	181	221	240	240	311	315	322	338	348	352
Pop1300026	4	115	131	145	157	160	160	152	180	201	241	228	240	315	315	322	330	352	364
Pop1300027	4	127	127	153	161	144	156	180	188	185	189	236	236	307	307	326	330	356	380
Pop1300028	4	135	143	145	145	144	152	204	224	181	185	236	236	307	307	330	330	0	0
Pop1300029	4	127	131	145	145	148	148	152	152	185	209	228	244	315	315	310	338	360	360
Pop1300030	4	127	135	153	153	144	160	192	212	193	217	236	244	315	315	330	334	356	360
Pop1300031	4	131	131	145	153	144	144	152	196	181	185	232	232	307	307	330	330	0	0
Pop1300032	4	131	131	145	153	152	164	152	208	193	193	232	244	0	0	326	334	348	364
Pop1300033	4	119	131	145	153	164	172	152	200	189	209	232	232	319	319	338	342	356	360
Pop1300034	4	127	135	153	157	144	156	172	180	193	221	228	228	307	307	322	334	348	364
Pop1300035	4	123	139	153	157	156	168	196	200	185	193	228	236	311	315	334	334	356	360
Pop1300036	4	127	143	153	153	140	140	152	152	173	209	232	240	307	307	334	378	352	360
Pop1300037	4	127	131	153	153	140	148	180	228	193	205	240	244	0	0	334	338	352	360
Pop1300038	4	0	0	145	153	140	144	160	200	189	233	244	248	307	307	334	366	356	364
Pop1300039	4	127	131	145	153	140	144	156	180	185	213	232	236	307	315	302	334	364	368
Pop1300040	4	127	131	145	145	144	144	184	184	181	213	228	232	307	315	330	330	360	380
Pop1300041	4	123	131	145	153	144	144	180	224	193	209	232	236	0	0	330	338	356	364
Pop1300042	4	135	139	149	161	144	144	152	156	193	193	228	236	307	307	330	362	356	360
Pop1300043	4	119	131	145	153	144	156	152	192	181	193	228	228	307	307	318	334	348	364
Pop1300044	4	127	131	153	153	144	168	200	204	177	181	232	240	0	0	326	342	0	0
Pop1300045	4	127	131	145	161	144	144	152	180	181	185	228	240	311	311	334	338	0	0
Pop1300046	4	127	139	145	153	144	168	172	180	181	193	232	232	0	0	330	334	0	0
Pop1300047	4	127	131	145	153	144	144	160	172	193	193	228	232	311	311	326	338	368	372
Pop1300048	4	135	135	145	145	140	144	180	196	205	217	232	236	307	311	314	346	364	364
Pop1300049	4	119	131	145	157	148	148	180	216	177	213	228	228	307	319	330	334	0	0
Pop1300050	4	127	131	145	153	144	164	188	228	185	225	228	240	319	319	330	338	0	0
Pop1300051	4	127	135	153	153	144	168	192	212	181	217	244	244	307	311	330	338	352	364
Pop1300052	4	131	135	153	153	144	160	172	212	189	189	232	232	307	307	326	326	348	356
Pop1300053	4	123	135	153	157	144	156	192	216	189	205	228	236	303	311	334	334	356	364
Pop1300054	4	127	135	145	153	144	160	232	256	209	229	232	232	307	315	334	334	352	364
Pop1300055	4	127	135	145	153	140	144	156	180	193	205	232	232	311	311	330	334	352	360
Pop1300056	4	127	131	145	153	152	152	188	208	193	209	236	236	307	307	330	342	0	0
Pop1300057	4	135	135	157	157	144	156	160	180	189	209	240	240	0	0	334	334	0	0
Pop1300058	4	131	139	153	153	144	160	188	192	169	197	232	240	0	0	322	334	340	352
Pop1300059	4	127	135	145	145	144	144	168	178	185	209	232	236	307	307	326	338	364	368
Pop1300060	4	131	139	153	165	140	156	180	184	185	209	236	248	0	0	326	334	0	0
Pop300001	5	131	135	153	153	156	156	152	192	185	189	236	240	311	315	322	330	336	368
Pop300002	5	131	135	145	153	144	144	152	192	193	201	220	236	0	0	334	390	336	368
Pop300003	5	139	139	153	153	144	160	188	188	193	197	228	232	307	307	330	346	0	0
Pop300004	5	127	131	145	153	144	144	180	204	185	197	232	244	319	319	322	358	356	356
Pop300005	5	127	127	145	153	144	144	192	216	193	205	232	248	319	319	326	334	356	360
Pop300006	5	131	131	153	153	144	144	180	188	201	209	240	244	307	315	330	334	348	356
Pop300007	5	131	131	153	157	140	152	172	172	189	209	228	244	311	319	342	358	0	0
Pop300008	5	131	135	145	153	144	160	180	228	185	189	236	236	315	315	0	0	0	0
Pop300009	5	131	131	153	153	144	144	168	200	181	217	228	236	311	311	334	334	360	368
Pop300010	5	131	139	145	157	156	160	152	200	189	213	232	232	315	315	334	342	356	364
Pop300011	5	135	135	153	157	144	156	172	208	185	225	236	240	315	315	330	334	348	352
Pop300012	5	131	139	153	157	144	156	152	180	185	189	228	236	315	315	326	338	364	372
Pop300013	5	135	143	145	153	144	144	152	168	193	209	236	240	315	315	314	342	372	384
Pop300014	5	127	135	153	161	144	160	152	212	181	285	228	240	307	311	322	334	356	368
Pop300015	5	135	143	153	153	144	144	180	196	197	201	240	244	315	319	334	338	360	368
Pop300016	5	127	127	145	153	144	144	172	216	0	0	228	240	315	315	322	330	360	360
Pop300017	5	119	135	153	157	144	160	152	180	165	193	232	244	315	315	322	330	356	360
Pop300018	5	131	135	153	153	144	152	0	0	197	197	224	224	315	315	326	342	352	360
Pop300019	5	127	131	153	153	144	144	180	180	177	189	244	248	315	315	330	334	360	360
Pop300020	5	131	135	153	153	140	164	172	216	189	193	228	232	311	311	310	330	360	360
Pop300021	5	127	131	153	153	144	144	180	188	189	201	232	236	311	311	318	334	360	360
Pop300022	5	115	135	153	153	144	156	180	236	189	205	240	240	311	315	326	334	348	360
Pop300023	5	131	131	0	0	140	156	164	188	189	209	236	244	315	315	330	370	348	352
Pop300024	5	127	131	145	145	144	144	180	196	181	197	228	244	307	307	314	346	0	0
Pop300025	5	131	135	145	153	144	164	168	172	189	213	232	232	307	307	314	326	344	348
Pop300026	5	115	139	153	153	144	144	176	196	193	193	228	232	315	315	330	334	0	0
Pop300027	5	131	131	153	153	144	156	176	196	189	197	236	244	0	0	326	382	352	368
Pop300028	5	131	143	145	145	144	160	160	192	185	197	232	240	307	319	322	330	356	368
Pop300029	5	115	131	153	153	144	156	180	196	193	197	240	248	0	0	314	338	0	0
Pop300030	5	131	139	153	153	152	152	172	184	181	209	228	240	311	311	302	330	0	0
Pop300031	5	127	131	145	153	144	156	172	196	153	197	236	236	307	307	334	338	356	356
Pop300032	5	127	131	145	153	144	148	172	192	165	221	232	236	307	311	330	382	348	364
Pop300033	5	127	139	153	157	144	148	152	228	181	201	232	244	311	315	322	338	360	372
Pop300034	5	127	131	153	153	144	156	178	180	197	229	236	236	0	0	334	338	0	0
Pop300035	5	123	131	145	153	148	164	200	212	181	209	244	244	307	307	326	334	352	368
Pop300036	5	127	131	145	153	156	160	152	224	213	221	228	240	307	315	322	338	360	360
Pop300037	5	123	127	145	157	144	168	196	212	177	197	236	236	311	311	326	334	0	0
Pop300038	5	131	131	145	153	140	148	160	200	193	209	228	232	315	315	326	390	0	0
Pop300039	5	127	127	153	153	144	144	152	192	193	213	232	232	315	315	358	366	360	364
Pop300040	5	131	139	145	145	140	140	172	188	193	205	244	244	307	307	334	342	348	360
Pop300041	5	127	131	145	145	144	164	172	224	185	193	228	244	307	315	334	354	0	0
Pop300042	5	127	127	153	153	144	144	168	188	189	189	232	240	315	315	342	366	356	368
Pop300043	5	131	135	145	153	152	160	178	212	209	213	232	236	315	315	326	334	356	372
Pop300044	5	127	135	153	153	144	156	200	212	189	217	224	240	311	311	334	338	356	364
Pop300045	5	131	135	145	157	144	160	200	248	197	257	240	244	307	307	338	346	356	364
Pop300046	5	119	127	153	165	144	152	152	172	193	205	232	232	307	307	322	326	360	368
Pop300047	5	127	139	153	157	144	148	180	228	193	209	236	240	315	315	330	382	364	364
Pop300048	5	127	135	145	145	144	148	180	200	189	209	232	232	311	315	334	358	344	376
Pop300049	5	131	139	153	161	140	144	152	260	209	229	240	240	307	311	330	330	348	356
Pop300050	5	131	131	145	161	144	152	168	188	201	213	236	240	311	315	326	338	356	360
Pop300051	5	123	131	153	153	144	144	172	204	193	213	240	244	315	315	334	382	360	364
Pop300052	5	131	143	153	153	144	164	196	224	185	205	232	232	311	315	322	366	352	368
Pop300053	5	127	127	153	157	144	156	152	156	221	225	236	240	315	315	318	370	364	364
Pop300054	5	135	135	145	153	144	156	152	172	185	189	228	232	307	315	330	346	0	0
Pop300055	5	131	135	145	153	144	144	188	216	185	209	236	240	315	315	322	334	0	0
Pop300056	5	131	135	153	157	156	160	152	228	201	225	228	232	311	315	338	342	372	372
Pop300057	5	131	131	153	153	148	156	156	196	185	193	236	244	307	307	318	338	356	364
Pop300058	5	127	131	153	157	144	144	184	240	181	225	0	0	307	311	334	362	328	340
Pop300059	5	127	139	145	153	144	144	180	220	173	209	232	236	307	315	326	342	364	364
Pop300060	5	131	131	145	145	140	144	152	172	189	193	228	228	315	315	334	338	356	368
Pop300061	5	127	131	145	153	144	144	156	188	165	201	228	240	307	307	322	326	356	368
Pop300062	5	131	135	153	153	144	160	152	180	181	205	232	244	311	311	330	350	352	372
Pop300063	5	131	131	153	157	144	156	152	152	193	213	232	236	315	315	302	326	0	0
Pop300064	5	131	135	153	157	140	140	188	216	185	185	228	232	315	319	342	358	0	0
Pop300065	5	139	139	153	153	144	144	180	204	213	225	236	236	315	315	334	338	360	364
Pop300066	5	131	139	145	153	148	148	178	184	189	217	0	0	315	315	330	334	0	0
Pop300067	5	127	127	145	157	144	144	152	152	185	193	232	244	315	315	322	334	364	376
Pop300068	5	127	139	153	157	156	156	156	228	185	201	232	236	307	307	334	334	360	360
Pop300069	5	127	135	153	153	144	160	160	232	189	189	236	236	315	315	338	338	360	372
Pop300070	5	131	131	153	153	156	160	152	220	181	185	228	244	311	315	302	354	360	364
Pop400001	6	131	131	153	161	140	168	180	188	189	205	228	244	303	315	302	330	0	0
Pop400002	6	127	127	153	153	160	164	180	188	181	209	232	240	307	307	326	334	0	0
Pop400003	6	127	135	145	153	156	164	180	212	177	193	232	236	311	315	342	346	368	380
Pop400004	6	127	131	145	153	140	144	204	228	197	197	236	240	307	315	326	334	348	384
Pop400005	6	131	135	157	157	144	156	160	192	173	201	236	244	0	0	330	334	348	360
Pop400006	6	123	131	153	157	144	156	178	180	177	181	228	240	311	315	318	334	352	360
Pop400007	6	131	131	145	145	144	160	200	212	197	213	240	244	311	311	314	314	360	368
Pop400008	6	131	131	145	153	152	156	152	180	201	225	228	236	307	307	302	362	372	376
Pop400009	6	131	131	157	157	152	168	208	216	189	193	236	236	0	0	330	382	0	0
Pop400010	6	127	127	145	153	156	156	192	212	185	205	228	232	315	315	322	386	364	368
Pop400011	6	127	139	145	145	140	144	156	220	181	193	240	244	307	307	314	386	344	352
Pop400012	6	127	131	153	153	144	148	172	172	189	193	228	244	315	315	334	370	0	0
Pop400013	6	131	135	145	153	144	144	152	172	169	193	240	240	315	315	334	338	0	0
Pop400014	6	131	135	145	157	144	152	184	192	177	221	244	244	307	307	326	330	352	372
Pop400015	6	123	127	153	161	140	160	180	208	189	209	236	236	315	315	318	334	0	0
Pop400016	6	131	131	153	157	152	156	180	200	181	181	0	0	307	315	330	334	364	380
Pop400017	6	131	131	153	157	160	160	184	192	193	197	228	236	307	307	326	330	0	0
Pop400018	6	127	131	153	157	152	152	172	180	181	185	232	240	311	315	330	334	348	384
Pop400019	6	127	127	145	157	144	148	152	192	189	213	232	236	315	315	322	378	348	364
Pop400020	6	127	135	145	153	148	160	148	180	209	221	0	0	303	315	302	382	356	368
Pop400021	6	131	135	145	153	144	156	172	196	197	197	232	244	303	303	322	334	356	356
Pop400022	6	127	139	145	153	144	172	156	204	189	221	240	248	315	315	0	0	352	368
Pop400023	6	127	139	145	157	144	144	152	220	181	189	232	232	307	315	330	334	0	0
Pop400024	6	131	139	145	145	140	144	168	168	189	197	228	228	0	0	318	330	356	368
Pop400025	6	131	143	145	153	140	144	180	192	193	229	236	244	307	315	314	338	352	356
Pop400026	6	127	139	145	157	140	168	168	232	193	205	232	244	307	315	302	338	352	360
Pop400027	6	127	127	145	153	144	144	212	212	0	0	228	232	311	319	330	330	356	360
Pop400028	6	131	135	153	153	144	160	172	200	181	197	236	240	307	315	334	374	360	384
Pop400029	6	127	127	157	157	152	164	180	180	189	205	228	240	307	311	330	338	352	364
Pop400030	6	131	139	145	145	144	144	180	212	181	209	232	240	0	0	314	338	356	364
Pop400031	6	115	143	157	157	144	156	180	196	185	197	228	232	0	0	334	358	0	0
Pop400032	6	131	131	153	157	144	144	196	212	189	205	240	244	307	311	330	334	344	360
Pop400033	6	0	0	145	153	144	144	216	224	213	221	232	232	307	311	330	338	352	360
Pop400034	6	127	135	145	157	164	164	180	216	185	193	228	240	315	315	334	382	348	380
Pop400035	6	127	139	153	157	140	144	180	192	193	205	0	0	315	315	338	338	0	0
Pop400036	6	127	131	145	157	148	164	180	192	181	209	228	232	315	319	322	330	376	384
Pop400037	6	131	131	153	153	144	144	180	244	185	233	236	248	311	315	326	326	364	368
Pop400038	6	131	131	145	149	144	144	152	152	197	205	228	248	315	315	326	338	0	0
Pop400039	6	127	131	145	145	140	156	196	228	205	209	232	240	307	311	334	346	352	364
Pop400040	6	127	131	145	153	152	156	180	212	177	209	228	236	307	319	346	346	364	372
Pop400041	6	123	147	153	157	156	160	172	200	185	209	236	240	311	319	334	338	360	364
Pop400042	6	127	131	145	153	140	152	180	192	217	225	236	240	303	303	330	338	356	364
Pop400043	6	127	131	153	153	140	156	152	232	177	197	236	236	315	315	330	330	360	364
Pop400044	6	131	135	145	165	152	160	160	168	185	201	232	232	311	311	310	314	0	0
Pop400045	6	131	139	153	153	144	144	188	224	177	237	228	232	303	307	334	338	344	364
Pop400046	6	139	139	153	153	144	144	172	184	189	189	228	244	315	315	334	334	360	360
Pop400047	6	131	139	145	153	144	156	192	220	185	205	232	244	307	311	330	338	360	368
Pop400048	6	127	135	145	145	144	160	196	220	189	201	228	236	315	315	318	358	352	364
Pop400049	6	131	135	153	153	144	148	180	180	173	185	224	232	307	315	330	334	356	360
Pop400050	6	127	139	145	145	144	156	152	208	165	213	236	236	315	315	330	338	348	360
Pop400051	6	131	135	157	161	140	164	152	232	185	221	224	236	315	315	302	302	352	356
Pop400052	6	131	135	145	161	140	168	196	216	193	205	228	236	307	311	310	334	352	352
Pop400053	6	127	131	153	153	144	148	152	192	185	205	228	232	315	315	338	342	360	360
Pop400054	6	139	139	145	153	140	156	172	212	173	197	228	244	311	315	330	338	368	372
Pop400055	6	123	127	145	161	160	164	188	204	185	205	240	240	315	315	354	390	360	372
Pop400056	6	131	135	153	153	156	168	0	0	209	213	244	244	307	307	334	334	0	0
Pop400057	6	127	139	145	153	156	156	192	196	185	217	228	228	315	315	334	338	364	372
Pop400058	6	131	143	157	157	144	156	180	196	189	193	232	236	311	315	330	330	352	364
Pop400059	6	127	131	153	153	144	160	152	156	145	209	232	244	315	315	318	358	348	376
Pop400060	6	127	131	145	153	144	144	176	240	181	221	228	240	303	307	322	338	352	364
Pop400061	6	135	139	153	153	144	144	216	224	189	193	228	244	315	319	318	342	0	0
Pop400062	6	131	131	153	153	152	152	176	220	189	221	228	244	307	311	326	342	360	364
Pop400063	6	131	135	153	157	160	160	172	180	185	197	228	228	0	0	314	358	364	364
Pop400064	6	131	131	153	153	140	148	188	216	177	189	240	240	311	315	342	342	352	368
Pop400065	6	131	131	153	153	140	140	152	164	181	189	236	236	315	315	338	358	356	364
Pop400066	6	131	135	145	149	144	152	184	196	185	201	232	248	0	0	0	0	356	360
Pop400067	6	127	131	145	153	140	164	180	188	177	209	236	236	307	307	338	338	348	372
Pop400068	6	131	139	145	161	144	144	156	180	189	197	224	236	315	315	314	334	348	364
Pop400069	6	131	139	145	157	140	148	212	220	193	205	236	240	307	311	322	342	344	352
Pop400070	6	127	127	153	153	144	152	152	178	185	205	240	240	307	311	330	346	356	368
Pop400071	6	127	127	145	153	144	152	156	196	181	237	244	244	315	315	326	334	360	360
Pop400072	6	135	139	145	153	144	144	152	184	173	193	232	244	307	315	334	334	0	0
Pop400073	6	131	131	153	157	144	148	160	180	205	209	228	244	315	315	334	358	360	360
Pop400074	6	123	131	153	153	144	152	180	192	201	229	232	240	307	315	330	338	0	0
Pop400075	6	127	131	0	0	156	156	172	180	173	185	236	244	315	315	302	330	368	372
Pop400076	6	127	131	153	157	160	160	196	200	169	189	232	236	307	315	334	342	352	368
Pop400077	6	127	131	149	149	144	144	172	228	0	0	232	232	0	0	314	342	348	376
Pop400078	6	131	139	145	153	152	152	156	184	181	185	232	232	307	307	326	334	348	348
Pop400079	6	127	131	145	153	144	164	172	188	181	209	240	244	311	311	322	334	344	352
Pop400080	6	127	135	153	153	148	156	156	178	177	193	236	236	315	315	330	338	356	372
Pop400081	6	131	131	153	153	144	156	192	208	169	205	232	236	307	315	334	374	364	384
Pop400082	6	131	143	145	153	152	160	172	176	197	213	244	244	307	311	338	350	356	356
Pop400083	6	127	135	145	153	156	156	152	216	193	213	236	240	311	311	322	334	348	368
Pop400084	6	131	139	145	145	144	148	196	224	0	0	240	240	311	311	0	0	332	372
Pop400085	6	131	131	145	161	160	164	180	204	185	189	228	232	307	307	330	334	360	372
Pop400086	6	131	135	145	161	160	160	0	0	181	189	236	244	307	307	306	334	0	0
Pop400087	6	135	139	153	153	132	160	172	216	213	229	224	232	307	307	334	338	352	368
Pop400088	6	135	135	153	153	156	160	172	192	201	213	228	232	315	315	334	338	364	368
Pop400089	6	127	135	153	157	144	164	168	172	189	201	236	240	307	315	302	326	0	0
Pop400090	6	135	139	145	153	144	152	152	220	177	193	228	236	307	315	334	334	348	356
Pop400091	6	127	143	145	145	152	172	172	216	189	193	228	240	307	311	302	334	360	376
Pop400092	6	123	127	153	161	144	156	152	196	189	217	232	244	307	315	326	382	0	0
Pop400093	6	123	123	153	153	152	160	178	180	189	209	232	240	307	307	314	326	0	0
Pop400094	6	127	131	145	153	144	172	0	0	197	221	232	232	311	311	326	326	0	0
Pop400095	6	123	131	153	153	144	144	156	208	189	193	232	244	307	311	314	330	372	376
Pop400096	6	131	139	145	153	144	144	188	228	189	189	240	244	315	315	330	390	0	0
Pop400097	6	127	131	145	153	152	164	180	204	181	201	228	232	311	319	310	338	348	372
Pop400098	6	127	131	153	157	144	152	216	220	209	209	232	232	307	307	334	334	352	360
Pop400099	6	135	135	145	153	144	144	152	184	185	197	240	244	311	319	338	338	364	364
Pop400100	6	127	131	145	161	152	160	180	212	185	205	0	0	307	307	326	330	364	368
Pop400101	6	131	139	145	157	144	148	192	204	189	201	232	240	307	319	322	350	0	0
Pop400102	6	127	131	145	149	156	156	180	184	181	185	0	0	315	315	330	334	348	356
Pop400103	6	127	131	153	157	144	156	160	216	189	193	228	228	307	307	334	338	348	352
Pop400104	6	127	131	145	153	160	160	180	192	201	213	228	244	311	315	330	330	360	376
Pop400105	6	131	131	153	157	156	156	196	248	225	225	228	236	307	319	334	334	340	372
Pop400106	6	127	135	153	153	152	156	208	236	181	181	236	244	307	307	334	386	0	0
Pop400107	6	131	135	153	153	140	144	180	212	189	225	232	232	0	0	322	334	368	372
Pop400108	6	131	143	145	153	144	156	140	160	181	189	228	236	307	307	330	334	352	356
Pop400109	6	131	139	153	153	140	152	152	180	189	193	228	248	311	311	342	342	356	368
Pop400110	6	135	135	145	153	140	148	172	172	185	185	236	244	307	307	310	330	356	356
Pop400111	6	127	135	153	153	144	156	188	200	181	197	224	240	307	311	322	330	0	0
Pop400112	6	127	131	145	157	140	156	220	224	181	201	228	228	311	311	318	334	364	372
Pop400113	6	131	139	145	157	144	160	192	208	185	185	228	244	311	315	330	342	360	364
Pop400114	6	123	131	145	153	144	156	172	180	193	209	236	236	307	307	334	334	348	364
Pop400115	6	127	131	153	157	144	152	140	184	209	209	228	236	315	315	330	338	0	0
Pop400116	6	127	131	145	145	140	168	180	192	185	189	244	244	307	307	330	330	356	372
Pop400117	6	127	131	145	153	156	156	152	228	189	189	240	240	307	307	326	394	360	368
Pop400118	6	131	135	153	157	144	144	152	172	189	205	236	240	315	315	314	334	348	368
Pop400119	6	123	139	153	153	144	152	152	152	189	205	0	0	311	319	318	338	0	0
Pop400120	6	127	131	145	157	144	160	152	164	177	193	232	236	307	315	338	342	356	364
Pop400121	6	131	135	153	153	144	144	164	220	181	209	236	252	307	315	334	334	352	356
Pop400122	6	131	131	145	153	144	144	180	212	189	213	232	240	303	303	330	334	364	364
Pop400123	6	0	0	153	153	144	152	168	212	193	193	228	232	303	315	310	338	364	368
Pop400124	6	127	131	145	153	140	144	152	224	189	205	240	240	315	315	334	334	0	0
Pop400125	6	127	131	153	153	156	156	152	192	193	193	232	232	303	311	326	330	360	368
Pop400126	6	123	127	145	157	144	152	180	220	209	213	232	232	315	315	330	330	0	0
Pop1200001	7	127	127	145	157	144	144	156	196	189	205	236	240	307	311	330	338	0	0
Pop1200002	7	135	139	153	153	144	168	216	228	181	181	236	240	307	315	318	338	360	368
Pop1200003	7	131	131	145	145	152	156	180	180	189	205	236	240	315	319	0	0	360	372
Pop1200004	7	131	131	145	153	160	160	156	180	201	201	228	244	311	315	330	334	356	356
Pop1200005	7	131	131	153	153	156	156	196	228	189	189	232	236	307	307	334	338	348	372
Pop1200006	7	127	143	153	157	144	152	152	180	177	177	232	240	303	311	318	334	356	360
Pop1200007	7	127	131	145	153	140	144	224	256	205	209	236	236	307	307	354	358	356	368
Pop1200008	7	131	131	145	153	144	144	152	224	189	205	236	240	315	315	330	334	356	364
Pop1200009	7	131	131	153	153	144	156	188	196	189	233	232	236	315	315	322	338	356	360
Pop1200010	7	127	131	153	169	144	148	152	156	201	213	236	244	315	315	330	342	0	0
Pop1200011	7	127	127	145	157	144	144	192	196	197	209	232	232	307	307	322	334	360	364
Pop50001	8	131	131	153	153	144	168	156	180	193	193	232	244	303	303	334	334	352	360
Pop50002	8	123	131	145	153	144	168	178	212	0	0	236	244	307	311	334	334	348	352
Pop50003	8	127	131	153	161	144	144	152	216	197	213	236	236	311	311	322	334	352	356
Pop50004	8	127	131	153	157	160	164	184	212	181	217	240	240	303	303	330	338	356	372
Pop50005	8	131	139	145	165	152	164	220	228	185	209	224	228	315	315	330	338	348	364
Pop50006	8	131	135	145	153	148	152	152	176	201	221	236	248	315	315	330	330	360	364
Pop50007	8	131	135	153	153	148	152	0	0	177	201	224	232	307	315	0	0	0	0
Pop50008	8	127	131	145	157	144	164	172	196	173	177	232	240	315	315	358	358	364	372
Pop50009	8	127	131	145	145	140	152	212	220	181	217	232	240	311	311	0	0	356	368
Pop50010	8	131	143	145	145	156	160	180	216	185	193	240	248	0	0	326	330	360	360
Pop50011	8	0	0	145	153	144	164	180	208	193	197	0	0	307	311	338	358	344	364
Pop50012	8	131	135	153	157	144	144	0	0	177	185	236	240	311	315	310	330	0	0
Pop50013	8	127	131	153	153	144	144	180	216	189	189	0	0	319	319	322	334	348	360
Pop50014	8	131	135	145	153	144	164	178	208	185	189	232	232	311	315	326	326	360	380
Pop50015	8	135	135	153	153	144	144	180	224	189	197	232	244	311	315	330	334	356	360
Pop50016	8	131	131	145	153	144	144	172	192	193	193	240	244	311	315	334	346	0	0
Pop50017	8	131	135	145	153	144	156	152	172	169	189	228	240	307	315	330	342	348	356
Pop50018	8	127	135	145	157	144	144	0	0	189	197	228	232	315	319	326	338	348	364
Pop50019	8	127	131	153	157	144	160	152	184	189	197	224	244	0	0	334	338	364	368
Pop50020	8	131	135	153	153	144	156	152	224	193	205	232	248	307	307	330	334	0	0
Pop50021	8	127	131	145	153	144	160	0	0	185	193	236	240	311	315	370	394	368	368
Pop50022	8	127	131	153	153	148	164	188	228	177	217	240	240	307	307	338	362	0	0
Pop50023	8	127	131	145	157	160	164	192	220	189	201	232	240	303	311	318	334	352	356
Pop50024	8	131	135	157	157	144	144	192	192	185	205	0	0	307	311	322	362	352	368
Pop50025	8	131	131	145	145	144	144	200	212	209	213	0	0	315	315	330	338	368	368
Pop50026	8	131	131	153	157	148	148	152	212	0	0	232	244	307	315	334	334	356	368
Pop50027	8	127	131	153	157	144	152	172	228	193	205	0	0	315	315	314	366	360	368
Pop50028	8	127	139	145	153	144	160	184	232	213	213	240	244	315	315	326	334	0	0
Pop50029	8	131	131	157	157	148	152	172	196	0	0	244	244	315	315	330	366	364	364
Pop50030	8	131	131	153	157	140	160	152	232	189	193	228	244	311	311	314	330	352	364
Pop50031	8	131	131	145	153	144	156	180	196	181	193	232	240	311	315	334	338	0	0
Pop50032	8	127	131	153	153	140	156	152	196	185	193	228	240	315	315	322	370	348	360
Pop50033	8	127	131	145	145	152	156	152	152	185	209	236	240	315	315	330	330	356	368
Pop50034	8	127	131	153	153	140	148	180	188	153	225	228	232	315	315	326	366	356	356
Pop50035	8	131	135	153	157	164	164	156	156	201	213	244	244	311	311	338	354	0	0
Pop50036	8	127	127	145	157	144	144	204	216	189	193	228	228	311	311	314	334	364	368
Pop50037	8	135	135	153	153	0	0	180	180	189	197	228	240	311	315	318	334	348	356
Pop50038	8	131	131	153	153	144	144	196	200	177	193	0	0	307	311	338	338	364	368
Pop50039	8	135	135	145	161	144	160	172	212	193	217	228	240	315	319	338	338	0	0
Pop50040	8	115	127	153	157	156	168	180	180	185	213	232	240	311	315	330	334	0	0
Pop50041	8	127	131	153	153	144	144	172	224	185	201	232	244	311	311	322	334	352	368
Pop50042	8	131	143	145	153	152	164	152	172	189	197	232	236	315	315	330	330	364	368
Pop50043	8	127	131	153	153	144	152	180	180	185	185	240	244	307	311	318	346	0	0
Pop50044	8	135	135	145	153	140	164	180	184	193	197	236	240	311	315	326	334	352	368
Pop50045	8	127	135	145	153	144	160	0	0	193	241	232	236	315	315	338	382	360	360
Pop50046	8	123	135	145	157	144	144	188	188	181	181	240	244	315	315	334	338	348	368
Pop50047	8	135	143	153	153	156	160	192	212	185	193	228	228	315	315	330	374	344	364
Pop6000001	9	115	135	145	153	140	156	152	212	189	221	236	240	307	311	338	382	352	356
Pop6000002	9	123	143	153	153	144	156	208	228	189	217	232	232	307	307	330	330	356	368
Pop6000003	9	131	139	145	161	148	160	156	180	157	189	232	244	311	315	330	338	360	380
Pop6000004	9	127	127	153	153	152	160	152	156	173	201	228	228	307	307	322	334	0	0
Pop6000005	9	131	139	153	153	144	160	168	232	213	217	244	244	307	311	326	370	352	360
Pop6000006	9	135	135	145	153	148	160	152	164	189	213	228	232	315	315	334	334	340	364
Pop6000007	9	139	139	145	145	156	156	0	0	185	193	244	248	315	319	310	378	0	0
Pop6000008	9	127	131	153	153	148	160	184	228	189	189	228	244	311	311	330	334	340	380
Pop6000009	9	127	127	153	153	140	144	180	212	197	221	228	236	311	311	334	366	372	372
Pop6000010	9	135	135	145	153	144	152	180	200	181	205	236	236	315	315	0	0	360	376
Pop6000011	9	131	135	153	153	140	144	140	200	185	197	240	240	303	315	0	0	352	360
Pop6000012	9	0	0	153	157	140	140	184	200	193	225	232	248	315	315	302	338	356	364
Pop6000013	9	123	131	157	165	164	164	192	204	185	209	0	0	315	315	330	342	348	348
Pop6000014	9	135	139	149	153	152	152	192	196	185	209	0	0	315	315	322	334	356	364
Pop6000015	9	127	135	145	157	144	152	140	196	177	181	232	232	307	307	326	350	352	360
Pop6000016	9	131	131	145	153	140	156	0	0	201	217	228	228	311	315	322	322	352	356
Pop6000017	9	127	131	145	153	144	144	180	200	189	225	236	240	311	311	326	334	360	364
Pop6000018	9	131	147	145	157	144	160	192	196	177	193	232	232	307	307	330	330	348	356
Pop6000019	9	127	131	153	153	144	156	180	180	205	217	228	228	303	315	330	338	0	0
Pop6000020	9	131	135	145	153	148	156	180	232	185	205	228	232	307	315	318	330	340	360
Pop6000021	9	131	139	153	153	140	160	212	224	197	217	228	232	307	307	334	338	356	360
Pop6000022	9	131	135	145	153	0	0	152	216	177	213	236	240	307	315	326	338	356	364
Pop6000023	9	127	135	145	153	152	156	156	176	185	193	0	0	315	315	302	326	348	356
Pop6000024	9	147	147	153	157	140	144	212	212	205	209	244	244	315	315	322	370	340	360
Pop6000025	9	127	131	145	153	144	144	180	208	193	209	236	236	319	319	322	330	376	376
Pop6000026	9	127	135	145	153	156	156	0	0	181	193	232	240	307	315	0	0	352	364
Pop6000027	9	131	131	153	153	144	164	192	232	193	205	228	236	311	315	326	334	360	372
Pop6000028	9	127	131	145	145	144	156	152	160	185	201	228	236	315	315	326	334	0	0
Pop6000029	9	131	135	145	145	144	160	180	188	197	197	228	236	307	319	334	342	348	360
Pop6000030	9	115	131	145	161	156	160	152	180	189	205	248	248	311	315	330	334	0	0
Pop6000031	9	131	131	145	157	144	152	140	152	185	209	236	240	303	307	334	338	340	360
Pop6000032	9	131	131	153	157	152	160	0	0	181	213	228	244	315	315	330	338	0	0
Pop6000033	9	127	131	145	153	156	156	168	204	189	205	236	240	307	311	330	334	364	376
Pop6000034	9	131	135	153	153	160	160	180	180	193	205	0	0	307	315	326	338	0	0
Pop6000035	9	115	131	153	165	144	160	178	188	189	213	236	248	315	315	338	342	0	0
Pop6000036	9	131	139	145	145	144	144	192	236	189	209	232	244	311	311	334	362	352	356
Pop6000037	9	131	139	153	153	144	160	156	180	181	197	232	232	307	307	330	334	364	364
Pop6000038	9	131	131	145	153	144	156	200	228	185	193	236	236	0	0	330	338	356	356
Pop6000039	9	127	131	153	153	144	144	184	216	177	233	240	240	311	315	338	362	364	372
Pop6000040	9	135	139	145	153	148	156	156	216	185	205	232	232	311	315	314	334	348	348
Pop6000041	9	127	135	145	157	144	156	184	228	185	205	232	236	315	315	330	370	0	0
Pop6000042	9	131	131	145	145	144	144	184	228	193	205	232	232	315	315	314	334	368	368
Pop6000043	9	131	131	153	153	140	144	156	180	189	217	240	240	307	311	322	350	364	364
Pop6000044	9	131	139	149	153	144	164	152	156	193	225	232	240	307	315	354	362	352	360
Pop6000045	9	131	135	145	153	156	160	172	196	185	185	228	232	307	311	326	338	360	372
Pop6000046	9	115	131	145	165	156	160	192	228	213	225	240	240	315	315	330	358	352	368
Pop6000047	9	127	131	153	153	144	152	152	160	189	205	232	232	307	315	338	390	360	364
Pop6000048	9	135	135	153	157	144	144	220	228	177	205	228	248	315	315	314	330	0	0
Pop6000049	9	131	135	153	153	144	160	0	0	177	181	236	236	315	315	0	0	356	376
Pop6000050	9	127	143	145	153	144	144	180	220	205	217	236	240	311	311	302	330	344	360
Pop6000051	9	127	135	153	157	144	152	152	172	189	225	0	0	315	319	334	334	352	364
Pop6000052	9	127	135	149	153	144	152	152	212	181	193	228	240	307	307	0	0	360	368
Pop6000053	9	127	131	153	153	152	152	172	220	0	0	228	228	315	315	326	330	360	360
Pop6000054	9	131	131	145	153	144	160	152	188	209	225	240	252	315	315	314	334	356	364
Pop700001	10	139	143	145	157	144	144	212	216	0	0	228	236	311	315	338	362	364	364
Pop700002	10	131	139	153	157	148	148	0	0	173	189	232	240	307	307	302	302	352	364
Pop700003	10	131	139	153	153	144	144	196	240	177	213	228	244	315	315	334	338	0	0
Pop700004	10	131	139	153	153	140	152	212	228	189	205	228	236	307	307	334	334	0	0
Pop700005	10	127	135	145	153	144	144	180	188	205	213	0	0	307	307	330	334	364	364
Pop700006	10	127	127	145	153	144	152	152	188	181	217	240	248	311	311	334	334	348	364
Pop700007	10	127	131	153	153	156	156	0	0	201	209	236	240	307	315	330	342	356	376
Pop700008	10	127	131	145	153	160	160	152	180	217	221	228	232	311	311	318	370	352	372
Pop700009	10	131	139	145	157	148	160	152	192	193	193	232	240	311	315	318	342	356	356
Pop700010	10	131	143	145	157	156	156	184	228	181	209	228	228	315	315	330	358	356	360
Pop700011	10	131	135	153	157	144	144	180	180	213	213	232	240	307	307	330	334	348	368
Pop700012	10	127	135	145	145	160	160	160	196	217	229	240	240	311	315	334	342	360	364
Pop700013	10	123	135	145	153	144	156	184	208	177	197	240	244	315	315	334	338	352	356
Pop700014	10	123	139	145	153	148	160	152	156	177	189	232	240	315	315	318	342	364	364
Pop700015	10	147	151	153	153	156	164	172	180	189	201	236	240	311	311	314	338	348	360
Pop1401	11	123	127	145	153	148	148	212	220	0	0	240	240	307	307	330	366	356	376
Pop1402	11	131	131	157	157	144	156	140	180	185	217	236	240	307	315	330	346	364	368
Pop1403	11	0	0	145	145	144	160	172	184	169	217	232	236	0	0	330	334	352	352
Pop1404	11	131	131	161	161	140	140	156	228	185	205	228	236	311	315	322	338	352	360
Pop1405	11	127	135	145	153	144	144	172	192	169	205	236	240	307	315	314	314	360	368
Pop1406	11	131	131	153	165	144	160	180	192	185	213	244	244	307	307	310	362	0	0
Pop1407	11	131	139	145	153	144	164	156	180	193	193	236	240	307	315	322	338	0	0
Pop1408	11	123	127	145	153	152	160	180	188	189	205	232	244	311	311	338	346	0	0
Pop1409	11	127	131	145	153	144	156	152	176	189	241	232	240	315	315	330	334	352	356
Pop1410	11	127	139	145	153	144	156	160	180	205	205	240	240	315	315	334	338	352	368
Pop1411	11	131	135	153	153	144	160	164	236	197	205	232	232	307	311	330	374	0	0
Pop1412	11	127	127	145	157	144	160	140	180	197	213	236	236	0	0	0	0	360	360
Pop1413	11	131	139	0	0	144	148	152	212	0	0	236	240	315	315	330	334	352	364
Pop1414	11	127	131	145	153	156	156	172	216	189	205	232	240	307	315	302	330	352	360
Pop1415	11	127	131	145	157	140	140	152	152	189	197	0	0	307	315	326	362	364	368
Pop1416	11	127	127	153	165	160	164	180	192	181	201	228	232	311	311	326	334	356	364
Pop1417	11	123	131	153	165	144	156	192	228	205	225	228	240	307	307	330	346	364	364
Pop1418	11	127	135	153	157	144	144	180	180	189	201	236	236	307	315	334	342	364	376
Pop1419	11	127	135	153	157	144	144	172	208	197	205	220	236	311	315	334	338	360	364
Pop1420	11	127	131	145	153	156	160	168	200	185	185	240	244	307	307	334	334	352	360
Pop1421	11	131	135	153	165	144	148	188	216	193	197	240	244	0	0	334	338	348	360
Pop1422	11	131	139	157	157	148	156	224	224	197	249	224	244	315	315	330	398	0	0
Pop1423	11	127	135	153	165	144	144	164	212	189	193	240	240	311	315	334	334	336	352
Pop1424	11	127	135	145	157	144	144	160	196	189	193	232	236	307	307	330	334	360	364
Pop1425	11	127	127	149	157	156	160	172	220	181	197	220	244	0	0	334	366	352	356
Pop1426	11	127	127	145	153	152	160	156	168	189	197	228	240	307	307	334	354	340	368
Pop150001	12	131	131	149	161	144	148	160	212	177	209	232	244	303	303	330	334	356	360
Pop150002	12	127	131	145	153	144	156	184	220	0	0	228	240	0	0	334	338	352	372
Pop150003	12	131	139	153	157	152	164	160	184	197	197	236	240	315	315	326	330	348	384
Pop150004	12	131	131	0	0	144	152	0	0	193	201	232	232	315	315	322	338	348	352
Pop150005	12	123	143	153	153	152	152	0	0	189	201	232	232	307	307	338	370	356	356
Pop150006	12	127	135	145	153	144	160	0	0	189	193	240	240	311	315	334	366	356	364
Pop150007	12	131	135	153	153	144	144	180	212	185	185	236	244	315	315	334	382	348	356
Pop150008	12	131	131	145	153	144	144	178	196	177	189	228	236	307	315	330	334	356	364
Pop150009	12	139	143	153	153	156	156	192	224	213	213	236	236	315	315	334	338	0	0
Pop150010	12	127	131	145	153	140	140	152	184	173	173	228	244	311	315	326	330	360	368
Pop150011	12	115	131	153	157	144	144	0	0	169	217	236	240	307	307	338	378	352	364
Pop150012	12	127	131	149	153	144	156	220	236	189	197	232	248	307	307	314	314	356	360
Pop150013	12	131	131	145	153	144	152	216	220	201	221	228	236	315	315	314	330	352	356
Pop150014	12	127	127	145	153	152	156	0	0	157	197	232	236	303	315	326	338	364	368
Pop8000001	13	127	135	153	153	144	160	196	208	189	229	240	240	303	315	302	334	356	368
Pop8000002	13	127	131	153	153	144	160	216	260	189	197	240	240	315	315	314	322	364	372
Pop8000003	13	127	135	153	153	152	152	168	212	189	213	240	240	315	315	334	382	352	384
Pop8000004	13	131	131	153	157	152	160	172	188	189	213	236	240	311	315	330	338	0	0
Pop8000005	13	131	131	153	153	144	144	0	0	185	193	232	232	315	315	330	338	356	360
Pop8000006	13	131	131	153	153	144	152	172	220	197	205	236	248	303	303	330	338	356	360
Pop8000007	13	131	139	153	153	164	168	176	180	197	209	236	240	311	315	314	334	364	364
Pop8000008	13	127	131	153	153	144	152	156	220	0	0	240	244	315	319	326	362	360	360
Pop8000009	13	127	131	145	157	156	156	172	220	209	233	232	232	311	311	318	346	352	360
Pop8000010	13	127	127	145	153	144	164	180	180	189	225	232	240	311	311	314	326	356	368
Pop8000011	13	127	135	145	153	140	144	152	172	181	185	236	240	315	315	330	334	348	368
Pop8000012	13	131	139	145	153	148	152	168	180	181	201	240	244	315	315	330	330	360	368
Pop8000013	13	131	139	153	153	144	144	180	192	181	181	232	236	311	315	322	342	352	360
Pop8000014	13	127	131	145	153	140	144	176	192	185	189	232	236	307	307	314	334	0	0
Pop8000015	13	131	135	145	157	144	156	156	180	185	189	228	244	307	307	326	338	0	0
Pop8000016	13	131	131	145	145	144	156	152	152	197	209	236	240	307	315	334	346	352	364
Pop8000017	13	127	131	153	153	144	152	172	184	189	189	224	232	307	307	322	334	372	380
Pop8000018	13	127	131	153	153	140	164	180	228	0	0	232	232	307	315	0	0	352	368
Pop8000019	13	127	131	145	145	144	152	168	168	181	189	232	232	315	315	330	342	364	364
Pop8000020	13	131	135	145	153	156	160	180	216	185	225	240	244	315	315	330	334	360	372
Pop8000021	13	131	131	153	157	140	140	172	192	189	189	228	228	315	315	334	398	352	364
Pop8000022	13	127	131	153	153	152	164	156	192	193	193	232	240	307	315	330	350	348	368
Pop8000023	13	131	135	145	153	148	156	200	212	197	201	232	240	315	315	338	338	348	356
Pop8000024	13	127	131	153	157	144	156	172	192	201	217	232	240	311	311	330	334	352	384
Pop8000025	13	127	127	145	153	144	144	164	168	189	189	236	244	307	315	330	330	336	360
Pop8000026	13	127	131	153	153	140	152	172	216	189	213	232	240	307	307	330	362	356	380
Pop8000027	13	127	131	0	0	156	160	178	224	185	185	240	244	307	315	334	338	360	372
Pop8000028	13	131	135	145	153	144	164	152	172	185	185	240	244	307	315	0	0	356	364
Pop8000029	13	127	139	145	145	144	160	216	216	193	225	240	244	307	315	322	334	360	364
Pop8000030	13	115	131	145	149	144	156	152	212	181	197	232	232	307	311	326	334	360	372
Pop8000031	13	131	131	153	153	144	148	172	180	185	221	228	228	315	315	326	386	368	372
Pop8000032	13	127	127	153	153	156	156	152	152	177	205	236	240	311	311	338	362	0	0
Pop8000033	13	127	131	153	153	144	148	164	176	185	197	228	240	311	319	338	378	352	360
Pop8000034	13	123	131	153	157	144	144	156	180	185	205	232	240	315	315	330	334	356	368
Pop8000035	13	0	0	145	153	144	152	180	184	173	189	232	232	0	0	330	338	344	356
Pop8000036	13	127	127	153	153	144	164	0	0	189	229	240	240	315	315	330	338	0	0
Pop8000037	13	139	139	145	145	156	168	152	172	189	189	228	236	303	303	338	338	352	352
Pop8000038	13	131	131	153	157	144	164	192	196	197	197	232	244	315	315	334	334	352	360
Pop8000039	13	131	135	145	153	144	156	152	172	185	185	240	244	307	307	338	338	372	372
Pop8000040	13	131	131	149	153	144	144	216	224	181	185	228	244	307	315	322	330	348	352
Pop8000041	13	127	131	145	157	144	152	156	224	185	197	240	244	0	0	330	334	368	372
Pop8000042	13	127	127	153	153	140	160	176	220	201	201	232	232	307	307	334	354	356	372
Pop8000043	13	127	131	149	153	144	148	172	220	205	209	236	240	311	311	330	330	364	372
Pop8000044	13	139	139	0	0	152	156	188	228	193	209	228	232	311	319	326	366	348	368
Pop8000045	13	123	131	153	153	152	156	180	216	185	185	232	244	311	315	0	0	356	368
Pop8000046	13	131	131	145	161	140	144	172	228	185	217	236	240	303	303	330	334	332	368
Pop8000047	13	127	127	145	157	144	156	152	220	193	209	236	244	307	315	330	334	360	360
Pop8000048	13	135	135	145	153	144	160	178	180	177	193	228	228	319	319	334	334	368	372
Pop8000049	13	127	135	145	153	156	156	152	180	185	193	240	240	311	311	314	334	356	356
Pop8000050	13	131	131	145	153	144	156	172	172	193	209	232	236	307	315	322	330	0	0
Pop8000051	13	131	143	145	153	144	144	172	256	185	189	232	244	311	311	330	382	360	372
Pop8000052	13	127	131	153	157	144	144	172	192	185	201	232	240	311	311	330	334	352	360
Pop8000053	13	131	139	153	165	144	160	160	196	209	209	232	232	0	0	326	334	0	0
Pop8000054	13	127	135	145	153	144	144	184	212	185	209	228	232	307	307	330	334	348	352
Pop8000055	13	127	127	153	153	144	144	180	196	193	201	228	240	307	315	338	342	364	368
Pop8000056	13	131	131	145	153	144	164	192	196	189	237	244	244	307	307	330	334	0	0
Pop8000057	13	131	131	145	153	144	144	172	220	189	193	236	236	307	315	318	334	0	0
Pop8000058	13	127	135	153	153	144	164	152	178	185	201	228	240	0	0	302	334	352	380
Pop8000059	13	115	127	153	153	144	156	176	200	189	193	232	244	307	315	326	334	344	360
Pop8000060	13	127	131	145	153	144	156	152	192	189	245	232	236	315	315	342	354	368	372
Pop8000061	13	115	127	153	153	160	168	180	188	173	209	232	240	303	307	330	334	360	368
Pop8000062	13	127	127	153	153	144	156	212	216	181	193	232	232	0	0	330	330	368	372
Pop8000063	13	127	139	145	153	164	168	172	180	157	189	228	240	315	315	334	334	364	364
Pop8000064	13	127	139	153	153	140	160	216	216	189	193	228	244	315	315	322	330	344	360
Pop8000065	13	131	131	145	153	164	168	152	156	189	189	244	244	311	311	326	338	360	372
Pop8000066	13	131	131	145	157	144	152	152	180	197	221	0	0	315	315	330	338	352	356
Pop8000067	13	127	127	0	0	152	164	192	204	185	189	240	244	311	315	338	338	360	364
Pop8000068	13	127	131	153	157	140	156	180	196	205	225	232	240	307	307	334	334	348	380
Pop8000069	13	127	127	145	145	144	156	152	228	193	217	232	240	307	315	334	334	0	0
Pop8000070	13	131	131	153	157	144	160	152	168	173	217	236	244	315	315	326	366	340	380
Pop8000071	13	127	135	153	157	156	160	0	0	185	189	236	240	315	315	330	330	0	0
Pop8000072	13	127	131	145	157	140	140	172	180	193	225	236	236	307	307	330	334	368	380
Pop8000073	13	135	143	145	153	144	152	212	228	197	205	236	240	307	311	334	334	368	372
Pop8000074	13	127	131	145	153	152	160	152	220	185	189	224	244	307	307	330	330	360	380
Pop8000075	13	135	135	153	157	144	160	156	164	209	209	232	236	307	307	330	370	344	360
Pop8000076	13	127	135	153	157	144	152	212	252	221	233	224	224	307	315	322	330	352	364
Pop8000077	13	123	131	153	161	144	156	152	180	217	217	236	240	315	315	326	334	344	384
Pop8000078	13	131	131	153	153	144	144	180	212	185	229	244	244	315	315	334	366	352	360
Pop8000079	13	131	135	157	161	152	152	176	224	181	189	232	248	315	315	334	342	0	0
Pop8000080	13	131	131	145	157	140	144	176	180	197	209	240	240	307	307	322	334	364	364
Pop8000081	13	127	139	153	153	144	144	180	188	185	209	240	240	307	311	326	342	368	368
Pop8000082	13	127	127	145	161	144	160	180	220	177	189	232	232	307	307	334	358	352	364
Pop8000083	13	123	131	153	161	156	156	152	200	197	217	228	240	315	315	330	334	352	364
Pop8000084	13	131	139	153	161	144	152	168	212	189	189	236	248	0	0	338	338	360	368
Pop8000085	13	123	131	153	153	144	144	192	228	197	237	228	232	319	319	330	350	344	364
Pop8000086	13	123	127	145	153	144	156	156	178	189	213	240	244	315	315	338	338	356	368
Pop8000087	13	127	131	145	145	152	160	152	156	193	193	236	240	307	307	334	338	364	376
Pop8000088	13	127	131	153	153	144	156	176	220	185	185	236	240	315	319	330	338	0	0
Pop9000001	14	131	131	145	145	144	168	156	184	181	193	236	236	307	307	326	334	348	384
Pop9000002	14	127	131	153	157	144	164	204	212	173	197	228	240	311	311	330	338	0	0
Pop9000003	14	115	127	145	153	144	160	180	216	205	221	236	244	311	311	334	334	356	364
Pop9000004	14	135	139	145	153	144	156	152	204	205	221	228	244	315	315	330	338	0	0
Pop9000005	14	131	143	145	145	152	156	152	188	189	225	244	244	0	0	314	326	348	352
Pop9000006	14	131	139	145	153	144	144	160	180	185	209	236	240	307	315	0	0	0	0
Pop9000007	14	0	0	145	153	144	152	156	172	181	197	236	240	307	315	302	338	356	364
Pop9000008	14	123	135	145	153	156	156	176	224	165	173	224	236	311	315	330	334	360	364
Pop9000009	14	131	135	145	153	144	144	192	208	181	209	236	236	315	315	334	386	0	0
Pop9000010	14	131	135	153	153	156	156	220	240	213	221	232	236	315	315	302	358	0	0
Pop9000011	14	131	131	145	153	156	164	152	180	181	193	0	0	311	311	318	334	0	0
Pop9000012	14	135	135	153	153	144	144	184	188	169	177	240	244	311	315	330	330	372	380
Pop9000013	14	131	131	145	145	144	156	172	216	189	229	232	244	307	307	334	382	352	360
Pop9000014	14	139	143	0	0	144	160	152	180	185	185	232	232	307	311	334	342	360	368
Pop9000015	14	0	0	145	153	144	152	176	220	181	193	232	240	315	315	330	330	0	0
Pop9000016	14	127	135	145	153	144	160	180	192	189	197	232	240	311	315	330	334	360	376
Pop9000017	14	131	143	145	145	144	144	180	180	0	0	0	0	315	315	314	370	364	368
Pop9000018	14	135	139	153	153	140	140	156	172	185	197	228	232	311	311	330	334	356	376
Pop9000019	14	131	131	153	153	144	160	156	172	177	189	228	248	307	307	330	334	356	368
Pop9000020	14	131	139	145	157	144	144	200	216	185	193	232	240	315	315	334	334	356	360
Pop9000021	14	139	139	145	153	144	160	196	224	193	197	228	228	307	307	338	366	0	0
Pop9000022	14	127	131	145	153	140	140	172	192	185	189	236	240	311	311	334	334	368	372
Pop9000023	14	131	135	153	157	144	144	172	240	181	217	236	244	307	307	330	338	356	372
Pop9000024	14	131	135	141	153	160	160	156	172	181	193	232	240	315	315	330	342	356	360
Pop9000025	14	127	131	145	153	144	160	172	236	209	213	240	244	311	315	334	342	360	360
Pop9000026	14	131	147	145	157	144	144	172	192	193	197	232	232	307	315	326	354	356	372
Pop9000027	14	131	143	153	153	140	144	192	192	201	225	232	240	311	315	334	338	352	364
Pop9000028	14	127	131	145	153	144	144	192	200	197	225	232	240	307	315	330	334	352	352
Pop9000029	14	131	135	157	157	144	160	178	224	201	205	228	232	311	311	326	330	356	364
Pop9000030	14	131	139	153	153	156	156	208	212	193	205	228	232	307	307	310	334	356	372
Pop9000031	14	127	127	145	145	140	160	152	208	193	217	224	232	315	315	330	338	0	0
Pop9000032	14	127	131	153	153	144	160	156	224	185	217	232	232	311	315	330	334	0	0
Pop9000033	14	131	131	153	153	140	160	172	204	181	185	228	232	311	315	318	334	0	0
Pop9000034	14	123	131	145	157	140	144	192	216	181	185	228	228	315	319	314	338	360	364
Pop9000035	14	127	131	145	157	144	148	180	196	205	209	228	244	307	307	334	338	356	368
Pop9000036	14	127	131	145	153	144	160	152	192	209	209	240	244	307	315	326	334	360	364
Pop9000037	14	139	143	145	145	144	152	172	180	205	205	240	248	311	311	322	334	364	368
Pop9000038	14	131	139	153	153	144	144	196	208	205	209	228	232	307	307	330	346	348	364
Pop9000039	14	135	143	145	157	160	160	168	224	193	225	240	240	307	307	302	330	348	360
Pop9000040	14	131	131	145	145	156	156	180	200	185	213	228	232	311	311	342	346	356	360
Pop9000041	14	131	131	153	157	144	160	152	156	189	197	228	236	307	307	330	334	352	372
Pop9000042	14	131	139	145	153	144	152	160	232	197	205	228	232	315	315	314	330	352	360
Pop9000043	14	127	143	153	153	156	168	180	192	185	189	232	240	311	315	322	338	356	356
Pop9000044	14	115	131	145	145	144	144	172	256	185	193	236	236	307	307	334	366	356	360
Pop9000045	14	127	131	153	157	144	156	164	180	181	201	236	244	311	311	330	334	360	368
Pop9000046	14	131	131	153	157	144	144	176	180	177	189	236	240	315	315	334	358	0	0
Pop9000047	14	127	139	145	161	156	156	172	184	181	201	232	232	307	315	326	334	0	0
Pop9000048	14	131	131	145	153	148	156	180	228	177	177	236	236	311	311	302	334	364	364
Pop9000049	14	131	131	145	153	148	152	188	228	193	213	236	244	307	311	334	342	328	364
Pop9000050	14	131	131	153	157	148	156	152	180	189	193	244	244	311	311	326	342	352	360
Pop9000051	14	123	127	153	153	144	160	180	248	177	189	244	244	311	311	338	374	344	364
Pop9000052	14	127	131	153	153	140	160	156	212	189	197	228	236	307	315	314	322	348	360
Pop9000053	14	127	135	145	157	148	152	208	212	177	209	228	240	0	0	330	330	352	368
Pop9000054	14	131	131	153	153	144	144	184	196	205	205	224	228	315	315	330	334	0	0
Pop9000055	14	131	135	153	161	140	156	180	232	177	193	232	244	315	315	330	338	360	360
Pop9000056	14	127	147	145	153	144	168	152	196	201	205	236	244	315	315	318	334	360	364
Pop9000057	14	131	131	153	157	160	160	152	160	213	213	232	236	0	0	330	338	356	360
Pop9000058	14	127	131	153	153	156	160	152	188	185	217	0	0	315	315	302	334	360	368
Pop9000059	14	123	135	157	157	144	152	152	200	201	213	240	244	307	307	330	402	348	356
Pop9000060	14	127	131	153	153	144	160	172	216	189	193	236	244	307	315	334	358	352	356
Pop9000061	14	131	143	145	145	144	144	152	200	173	181	232	232	315	315	326	338	352	352
Pop9000062	14	131	131	145	153	156	160	180	248	169	181	228	240	307	307	338	342	356	368
Pop9000063	14	139	143	153	153	144	156	192	212	173	185	228	232	307	307	334	334	376	376
Pop9000064	14	127	131	145	153	144	160	160	184	209	225	228	232	307	311	314	334	352	356
Pop9000065	14	127	131	145	153	144	156	178	180	201	201	236	236	0	0	330	334	352	364
Pop9000066	14	131	139	157	165	156	164	152	228	201	209	236	236	307	307	338	346	0	0
Pop9000067	14	131	135	145	153	144	144	152	192	0	0	236	240	315	315	326	326	0	0
Pop9000068	14	131	143	153	153	144	144	152	180	181	205	228	244	0	0	330	342	360	372
Pop9000069	14	131	139	153	153	144	144	184	208	209	225	232	240	307	307	330	358	360	364
Pop9000070	14	135	139	145	153	152	152	172	178	213	221	228	228	315	315	330	334	360	360
Pop10000001	15	131	131	153	153	140	144	188	196	189	197	228	244	315	315	334	334	344	352
Pop10000002	15	131	139	145	153	144	144	172	180	173	197	0	0	307	315	334	346	356	368
Pop10000003	15	131	135	153	153	140	144	192	248	229	229	228	236	307	311	310	338	0	0
Pop10000004	15	131	131	153	157	144	152	152	208	189	209	228	240	311	311	330	354	360	368
Pop10000005	15	127	135	153	153	156	156	152	232	209	217	228	244	307	307	298	334	0	0
Pop10000006	15	131	135	157	157	144	144	172	200	189	197	232	232	303	307	334	338	356	364
Pop10000007	15	131	131	153	157	148	156	156	180	181	185	232	244	307	307	326	330	352	360
Pop10000008	15	135	135	145	153	156	160	172	172	185	201	236	244	315	315	326	382	352	356
Pop10000009	15	127	127	145	153	140	156	172	220	185	189	232	236	307	307	306	330	360	368
Pop10000010	15	127	139	153	153	144	164	152	178	165	209	228	228	307	311	326	334	352	364
Pop10000011	15	127	127	145	145	144	160	152	152	189	197	236	240	315	315	330	334	356	360
Pop10000012	15	131	135	153	153	144	152	192	204	189	193	236	244	307	311	310	334	360	360
Pop10000013	15	127	135	145	153	160	160	178	180	193	225	228	236	303	315	314	338	356	364
Pop10000014	15	127	131	145	153	144	152	212	212	185	197	232	232	307	315	322	338	356	364
Pop10000015	15	127	135	153	161	144	160	164	180	185	197	240	240	307	307	330	334	344	356
Pop10000016	15	135	139	145	153	144	160	152	176	189	193	228	228	311	315	322	334	348	368
Pop10000017	15	127	131	145	153	144	152	188	216	205	225	224	228	319	319	310	370	348	368
Pop10000018	15	127	139	153	153	160	164	180	212	165	185	240	248	307	315	330	334	344	356
Pop10000019	15	131	139	153	153	144	144	156	192	181	213	240	244	307	307	326	334	356	368
Pop10000020	15	131	131	153	165	152	164	152	180	185	197	236	256	315	315	330	338	364	364
Pop10000021	15	131	131	153	153	152	172	156	236	201	205	232	232	307	307	330	334	344	376
Pop10000022	15	123	131	145	145	140	152	152	196	189	205	228	240	315	315	326	330	352	360
Pop10000023	15	127	139	145	153	152	156	156	212	217	229	228	236	307	307	338	374	356	356
Pop10000024	15	127	131	145	145	140	144	152	156	197	221	232	240	0	0	322	334	0	0
Pop10000025	15	131	139	145	145	144	156	168	216	201	225	236	236	307	307	322	338	0	0
Pop10000026	15	127	135	153	153	156	160	184	188	193	213	236	240	307	307	318	330	352	368
Pop10000027	15	127	143	145	153	144	156	172	216	0	0	232	240	315	315	330	334	0	0
Pop10000028	15	131	139	153	153	156	156	192	192	181	197	224	236	315	315	334	334	0	0
Pop10000029	15	127	127	145	153	140	144	152	172	197	221	236	236	311	311	322	334	356	368
