ind	idanimal	herd	year	cluster	st_sep	st_oct	swe_sep	swe_oct	pcp_sep	pcp_oct	ndvi_jul	ndvi_aug	ndvi_sep	ndvi_oct
165	2004001	1	2004	LAB	NA	0.027802999	NA	2.502946267	NA	1.444914921	0.148103241	NA	NA	0.184674684
165	2004001	1	2005	CEN	5.887848622	-1.753789216	0.134819288	12.32435393	3.908623233	2.49045789	0.332180221	0.411085496	0.219222416	0.151522984
165	2004001	1	2006	LAB	4.130539162	-1.516633862	0.377724783	8.351667713	1.708061697	2.114486877	0.398898605	0.375129002	0.288719594	0.116697966
165	2004001	1	2007	LAB	2.980959921	-2.521625664	1.544976961	7.875374878	5.254658458	1.72037222	0.338858162	0.484492812	0.319100616	0.198515304
166	2004002	1	2004	LAB	NA	0.322601952	NA	2.94832801	NA	1.508839874	0.338858162	0.484492812	NA	0.178599365
166	2004002	1	2005	LAB	6.161332234	-1.636821819	0.087291429	13.63476904	3.859206077	2.521270868	0.338113723	0.363999477	0.234751983	0.142639935
166	2004002	1	2006	LAB	3.890788865	-1.857981657	0.477504269	8.169157751	2.166571717	2.033073284	0.389126589	0.360336986	0.295551414	0.108962952
166	2004002	1	2007	LAB	2.748415273	-1.665226958	2.549108217	6.598514092	5.786980073	1.855164497	0.297744661	0.409964269	0.279700287	0.200849766
166	2004002	1	2008	LAB	5.526546102	-1.105891788	0.425539088	9.656726928	1.616696325	3.021852996	0.382547948	0.446442477	0.319306422	0.2146615
166	2004002	1	2009	LAB	4.698410879	-5.259165782	0.415533434	15.82302509	2.648306165	2.801014593	0.392132646	0.295092982	0.284518571	0.169912658
168	2004004	1	2004	LAB	NA	0.322601952	NA	2.94832801	NA	1.508839874	0.392132646	0.295092982	NA	0.174009585
168	2004004	1	2005	CEN	6.187291696	-0.995113239	0.050720899	7.928606469	3.881913216	1.957459828	0.322163422	0.378894786	0.261506069	0.198671365
168	2004004	1	2006	LAB	4.26196835	-1.891746587	0.333748472	8.40722808	1.971724805	1.966120334	0.346823175	0.349891227	0.295518011	0.115113732
171	2004007	2	2005	NW	6.140460963	0.596931087	0.090238407	3.226890052	3.42172359	1.428584081	0.253062021	0.374398166	0.215393167	0.138858642
171	2004007	2	2006	SW	5.632034696	-0.271889389	0.010978673	6.477968453	1.547321139	2.947504588	0.209935693	0.354978998	0.293645228	0.151291368
171	2004007	2	2009	SW	5.114463258	-4.334392715	0.336205871	14.12542012	2.364493033	2.378005638	0.301448605	0.339523445	0.367434021	0.15373564
171	2004007	2	2010	SW	4.722896501	-1.335237648	0.042803986	10.42354769	2.658259421	1.84686017	0.222926602	0.211121847	0.239078339	0.130146721
171	2004007	2	2011	SW	4.897625152	-0.976148752	0.105271499	7.36190185	3.235069686	2.312164847	0.264315982	0.270464917	0.221220413	0.128478164
172	2004009	2	2005	SHIFT	2.055334514	-3.042350105	2.761136964	23.32652768	1.648960469	1.862301174	0.229293523	0.295321696	0.224258117	0.061566125
172	2004009	2	2006	SW	3.637656485	-1.944926632	0.422057556	12.79517064	1.56482252	2.935532019	0.169976019	0.338000939	0.258344472	0.145513579
172	2004009	2	2007	SW	0.25564946	-2.943984213	9.427986262	9.904931629	3.404283525	1.851791074	0.28176086	0.231928422	0.230672337	0.169509022
173	2004010	2	2005	NW	6.348259801	0.071949879	0.034611208	5.04507455	4.314336687	1.57662836	0.352387286	0.410860181	0.243673801	0.139187169
173	2004010	2	2006	SW	4.650605757	-2.253148648	0.187186812	14.1710327	1.627306072	3.016468288	0.262965789	0.349058316	0.284340608	0.110606724
173	2004010	2	2007	SW	2.505210194	-2.668850536	3.564687022	8.60715827	6.423546433	1.783433873	0.28350674	0.360454817	0.373208436	0.170049109
173	2004010	2	2008	SW	5.627431662	-1.407608884	0.804924759	12.53870922	3.625527868	3.320186251	0.301182585	0.385626003	0.283151359	0.154145849
173	2004010	2	2009	SW	4.825181076	-3.92320058	0.389619299	13.24833493	2.249864639	2.476382319	0.319914465	0.340577988	0.313343044	0.076628957
174	2004011	2	2005	SHIFT	6.006145192	0.205787921	0.058407524	3.699038689	3.603777569	1.394034565	0.178309991	0.313838514	0.21818291	0.14985123
174	2004011	2	2006	SW	4.775341907	-1.997888646	0.071458444	12.63468496	1.902710517	2.982976715	0.331206485	0.357005051	0.211095983	0.129284648
175	2004013	2	2005	SHIFT	5.177325707	0.255004423	0.191609544	4.948410893	3.052367829	1.645690229	0.264870802	0.325003345	0.262587193	0.165235839
175	2004013	2	2006	SW	3.70952796	-1.392173597	0.455292462	10.80120691	1.588763011	2.890103819	0.275345493	0.324906379	0.239760941	0.184765506
178	2004016	2	2005	SW	5.520656448	0.154805018	0.127939346	4.913207359	3.453888031	1.731422391	0.209963044	0.356513375	0.300790052	0.179213089
178	2004016	2	2006	SW	4.017433197	-1.451840282	0.299014105	11.09238997	1.27171326	2.938937079	0.313559109	0.381665605	0.288249385	0.15995178
178	2004016	2	2007	SW	2.505968527	-0.856398721	3.345057669	5.845158495	6.362156501	1.978843224	0.26399991	0.373706299	0.397176557	0.210151559
178	2004016	2	2008	SW	4.877583186	-2.128732072	0.882034962	16.53680357	3.571379036	3.356955558	0.304258446	0.429889189	0.292401952	0.141238023
178	2004016	2	2009	SW	4.73526393	-3.496968346	0.382277125	15.23112277	2.319489095	2.535913676	0.322899176	0.326666763	0.322486047	0.129667548
178	2004016	2	2010	SW	4.765975647	-1.11927028	0.082965559	8.820286972	2.868398331	1.915789747	0.30285812	0.329629202	0.250771392	0.07035779
179	2005002	1	2005	LAB	6.219161142	-1.394894029	0.15620383	11.90783885	3.15363565	2.568811182	0.286196284	0.515304473	0.224498368	0.106095193
179	2005002	1	2006	LAB	4.130779359	-2.115073122	0.263734118	12.02863902	1.816167377	1.947602438	0.349383139	0.388728929	0.331296141	0.118664331
179	2005002	1	2007	CEN	2.891874212	-2.368265622	1.210163907	8.068142642	4.856939845	1.733050929	0.317223739	0.383394952	0.368683365	0.170948445
179	2005002	1	2008	LAB	5.499115535	-1.096094014	0.52197031	9.213779332	1.670593774	3.031166318	0.352807996	0.403632846	0.311875634	0.214255526
179	2005002	1	2009	LAB	4.567339887	-6.156325334	0.165966899	16.1665088	2.025820115	2.453651783	0.281655806	0.397054717	0.300065719	0.121469859
180	2005004	1	2005	LAB	6.374060643	-1.526580909	0.14535427	12.56208815	3.238901634	2.437437486	0.309172028	0.404648627	0.256743844	0.049945403
180	2005004	1	2006	LAB	4.330237109	-1.531982395	0.193199067	7.746410004	2.007768795	2.090822928	0.378581676	0.381332472	0.323897	0.130401958
181	2005005	1	2005	LAB	6.221248736	-1.887622977	0.082916378	12.79443701	3.800564407	2.613042944	0.337616475	0.338043319	0.154280263	0.123170727
181	2005005	1	2006	LAB	4.377068909	-1.83147744	0.046633037	8.629332481	2.252593386	2.039499275	0.455309963	0.378560633	0.361053165	0.170302258
181	2005005	1	2007	LAB	3.035112353	-1.819785936	2.79724696	6.510333281	6.013473222	1.813305786	0.303308813	0.373058866	0.265236598	0.192579843
181	2005005	1	2008	LAB	5.313597461	-0.832952361	0.534147039	7.735863336	1.830254919	2.779714421	0.402527353	0.419215127	0.24823661	0.213090487
182	2005007	1	2005	LAB	6.175526567	-1.539851292	0.173422588	14.74393052	3.38393941	2.578819689	0.273423067	0.475152955	0.29139766	0.111115827
182	2005007	1	2006	LAB	3.601724586	-2.139198421	0.608291321	8.066714432	2.413255776	2.027819213	0.355486527	0.280723145	0.260641242	0.243060129
182	2005007	1	2007	CEN	2.910318787	-2.331389685	1.657993033	10.10035196	5.242195916	1.786546794	0.320874099	0.406577854	0.323819517	0.183754817
182	2005007	1	2008	LAB	5.276181281	-1.500574093	0.553126313	8.741141535	2.424120993	3.109591167	0.433126651	0.40540093	0.29236252	0.173492612
183	2005010	1	2005	CEN	5.792088809	-1.34093662	0.083132753	8.820653458	2.977729655	2.120244262	0.303353521	0.435324021	0.34590454	0.230366564
183	2005010	1	2006	LAB	3.87171309	-1.972097217	0.504885303	9.187520506	1.710351053	2.038489147	0.376727845	0.365899536	0.273801114	0.10275858
183	2005010	1	2007	LAB	2.689601589	-3.040917752	1.537189098	10.68871348	4.935429443	1.762502788	0.307620501	0.423517933	0.341675825	0.163352127
183	2005010	1	2008	LAB	4.632406104	-1.129951956	0.697788967	8.730628016	1.981697973	3.094348751	0.39775141	0.377621276	0.241019908	0.183845692
183	2005010	1	2009	LAB	4.765101782	-5.272666762	0.520153045	15.57402151	2.756443312	2.726901011	0.340191468	0.359960846	0.307841084	0.179670429
184	2005011	1	2005	SW	NA	-1.665899785	NA	9.007944373	NA	2.29233369	0.333973278	0.355365613	NA	0.217966909
184	2005011	2	2006	SW	4.223232002	-1.276601633	0.230771552	11.78616897	1.499854251	2.916781855	0.198868892	0.320199228	0.268006839	0.235093166
184	2005011	2	2007	SW	2.915271394	-2.000482919	2.775735296	7.704314879	6.842608168	1.668534258	0.269225448	0.376665623	0.381211392	0.164475712
185	2005012	1	2005	CEN	5.982449606	-1.265273163	0.14085875	12.42704385	3.534609713	2.458282939	0.33920842	0.476439703	0.286902451	0.040420303
185	2005012	1	2006	LAB	4.334026464	-1.464295898	0.10070342	7.809998348	2.237994861	2.16807571	0.342121437	0.320358554	0.374361845	0.124177436
185	2005012	1	2007	CEN	2.922339585	-3.355733727	2.648407521	10.21668867	6.491609515	1.927964606	0.308153112	0.402221141	0.347551533	0.135263881
185	2005012	1	2008	LAB	5.414633323	-1.012831403	0.325073888	8.969283868	1.648042708	2.969139485	0.362707274	0.426099613	0.32067902	0.2204021
186	2005013	2	2006	SW	5.27137982	-1.567272434	0.010558423	10.9030707	1.525784832	3.075285252	0.243729807	0.330270308	0.322381088	0.124247241
187	2005014	2	2005	SW	5.411748927	0.57107539	0.160861718	6.28201441	3.572711621	1.859010456	0.201920894	0.347854359	0.280078682	0.218445013
187	2005014	2	2006	SW	4.524252462	-2.12940756	0.170530025	14.41317565	1.645758022	3.077642564	0.31930116	0.320457182	0.281117244	0.125981401
187	2005014	2	2007	SW	0.96443457	-2.513019328	8.381990392	8.432801775	4.16323183	1.80873112	0.24468561	0.28756943	0.202267695	0.176608766
187	2005014	2	2008	SW	4.81151726	-1.446069836	0.800722589	13.54180578	3.290143774	3.430313383	0.204249076	0.316014906	0.324845303	0.125382765
187	2005014	2	2009	SW	4.281670158	-4.849840172	0.505679296	15.61419526	2.375616462	2.158164907	0.190788185	0.298332266	0.210830906	0.072766522
187	2005014	2	2010	SW	4.518163901	-1.379474869	0.137084074	9.908109391	2.265929859	1.930970752	0.237985434	0.352600259	0.183097899	0.071960893
188	2005016	2	2005	SHIFT	4.546085978	0.042913567	0.328326865	2.169825956	2.451934087	1.158456739	0.238059609	0.203983113	0.258734406	0.164031728
188	2005016	2	2006	SW	4.145080963	-1.100436491	0.277346798	9.981401134	1.38305594	2.995950966	0.216585969	0.337884834	0.275276142	0.24222289
188	2005016	2	2007	SW	0.645153101	-2.527066668	7.399439742	6.646703081	3.435518416	1.742896771	0.267906097	0.351201259	0.198250559	0.212473136
188	2005016	2	2008	SW	4.674513252	-0.751095004	0.904167072	9.676981642	3.282258899	3.462552823	0.312638091	0.361121703	0.207894336	0.110244118
189	2005017	2	2005	SW	5.697145347	NA	0.02229389	NA	2.796251174	NA	0.200647634	0.359212184	0.228466349	NA
189	2005017	2	2006	SW	4.198913171	-2.326992359	0.25038818	14.53558458	1.489959647	3.047835954	0.284018969	0.410346026	0.102210123	0.101551828
189	2005017	2	2007	SW	1.733352102	-1.80784354	5.076226404	5.859601791	5.052758853	1.920826095	0.278401152	0.31978571	0.313661373	0.187977163
189	2005017	2	2008	SW	3.27750056	-2.267956154	1.730658808	17.71454487	2.617930437	3.259362591	0.266465301	0.323227406	0.204721676	0.141667861
189	2005017	2	2009	SW	4.15286159	-4.445198929	0.486161298	14.30615725	2.488494036	2.351882841	0.222209539	0.297499498	0.228490172	0.085624561
189	2005017	2	2010	SW	5.532341099	-1.005611596	0.059197943	8.454397574	3.278172454	1.775575557	0.297783849	0.297059054	0.223977718	0.087600724
191	2005019	2	2006	SW	3.942773372	-1.635868908	0.220640783	11.8638173	1.455991683	3.045487554	0.221811906	0.344957264	0.346111841	0.178852904
191	2005019	2	2007	SW	1.442911333	-1.781347229	7.072338247	8.13106845	5.083380027	1.887619066	0.311147797	0.359382714	0.22478815	0.207092371
191	2005019	2	2008	SW	3.629704546	-1.392150785	1.441777639	13.02559235	2.64808354	3.384398019	0.29395928	0.271882386	0.206005318	0.17160172
192	2005020	2	2006	SW	NA	-1.141860116	NA	10.740286	NA	3.061300892	0.247820233	0.351315554	NA	0.096111111
192	2005020	2	2007	SW	3.000018499	-1.972937476	2.221980268	7.563474437	6.539127201	1.718809124	0.34216965	0.345221708	0.427654747	0.217481757
194	2006000	2	2006	SW	4.224689285	-1.261981029	0.242970158	11.66199562	1.206176284	3.026986282	0.245146993	0.376377802	0.248489386	0.177401287
194	2006000	2	2007	SW	2.867763028	-0.831415407	2.491395317	6.114561857	5.570656399	1.977107538	0.293456308	0.313412047	0.282577701	0.188780689
194	2006000	2	2008	SW	3.946056714	-1.667419745	1.430545582	14.17196725	3.073084344	3.330521107	0.312702584	0.266487863	0.183981693	0.125047443
194	2006000	2	2009	SW	4.865325191	-4.046458904	0.278405392	14.37910366	2.420255648	2.478246667	0.26604736	0.31583211	0.272818968	0.120393895
194	2006000	2	2010	SW	4.795321704	-1.410376269	0.08157094	9.965207544	2.672618093	1.884688136	0.199720506	0.246444005	0.230636749	0.094236883
195	2006001	2	2006	SW	4.552463115	NA	0.217027398	NA	1.578918864	NA	0.241314527	0.342398476	0.35352738	NA
195	2006001	2	2007	SW	2.764823639	-2.103184846	2.56903354	6.081119224	5.700642214	1.69074827	0.287603988	0.277254372	0.276951365	0.168547541
196	2006002	2	2006	SW	4.06527472	-1.334512349	0.254900577	12.20018257	1.396506689	2.958263576	0.317958936	0.344608895	0.252032813	0.14237325
197	2006003	1	2006	LAB	4.522928902	-1.711038147	0.136275974	8.653122948	2.017051991	1.987675791	0.365116161	0.35586824	0.351409352	0.104250356
197	2006003	1	2007	LAB	2.661142527	-1.92918383	2.441429833	7.060418887	5.633300558	1.769306497	0.280538559	0.373547889	0.285454073	0.214886326
198	2006004	1	2006	LAB	4.389081018	-1.592553917	0.134742705	7.639645405	2.120280215	2.052267179	0.351451237	0.395970726	0.327077939	0.154664885
198	2006004	1	2007	LAB	2.686830422	-1.540410333	1.778142383	5.256002846	5.060134427	1.834246784	0.300483868	0.393799184	0.311430766	0.1743337
198	2006004	1	2008	LAB	5.40548155	-1.258556137	0.733885783	9.673938535	1.690242375	3.032326794	0.396706266	0.37266391	0.312978324	0.204218505
198	2006004	1	2009	LAB	4.42944572	-5.597615615	0.257430759	15.26698861	2.181791104	2.463237523	0.268798304	0.353817452	0.226936294	0.175971043
199	2006005	1	2006	LAB	4.417560738	-1.80341762	0.198557561	9.157293264	2.039921643	2.074696024	0.30065603	0.345083291	0.257279651	0.079528866
199	2006005	1	2007	LAB	2.782645256	-2.263463705	2.390165527	7.604709964	5.760042563	1.723466551	0.335024057	0.394289051	0.322722603	0.182848297
199	2006005	1	2008	LAB	4.652027727	-1.275628376	1.01881915	9.805313462	2.467284119	3.155174643	0.349086523	0.426898623	0.3179425	0.202690205
200	2006006	1	2006	LAB	4.42656898	-1.487256781	0.284415365	7.725401804	2.522008492	1.871959608	0.30116578	0.33962762	0.315992841	0.128617531
201	2006008	1	2006	LAB	4.367697928	-1.720186884	0.224555765	9.420335539	2.441519095	1.967119852	0.352565403	0.357141036	0.20239057	0.112574565
201	2006008	1	2007	LAB	2.028809736	-2.32455916	2.370525028	9.109237333	6.271042637	1.972209979	0.315168538	0.41784792	0.332472639	0.187051823
201	2006008	1	2008	LAB	4.490900521	-1.239234277	1.31760884	8.695556007	2.823722324	3.181747048	0.351452636	0.373991819	0.273338394	0.187003112
201	2006008	1	2009	LAB	4.758012597	-5.864033522	0.248706762	16.57452322	2.833651387	2.494194872	0.351759089	0.338247218	0.363186135	0.13467067
202	2006009	2	2006	SW	NA	-2.108459991	NA	11.30551403	NA	3.024132016	0.351759089	0.338247218	NA	0.141851782
202	2006009	2	2009	SW	5.066508802	-3.281074099	0.311733664	14.05312245	2.288694924	2.715633681	0.30096002	0.327176403	0.328800776	0.070947112
202	2006009	2	2010	SW	4.754744909	-1.992325745	0.052424914	12.90707808	2.950716256	1.919528387	0.306383767	0.266553903	0.164793615	0.076185338
215	2007022	1	2007	SW	2.791214697	-3.565424775	1.885514208	15.121198	6.566953263	2.191202064	0.282334067	0.437566068	0.310840316	0.173188132
215	2007022	1	2008	LAB	5.198542576	-1.075050274	1.021449992	9.375461345	2.429503975	2.98445827	0.359210949	0.3909004	0.281804382	0.214556416
219	2007026	1	2007	LAB	2.625383022	-2.111742324	1.936730124	7.45219282	5.312947534	1.791122749	0.276158706	0.407707287	0.309008627	0.167026794
219	2007026	1	2008	LAB	5.403424442	-1.189348174	0.335576721	9.22171484	1.716073273	3.04576937	0.426660263	0.42189061	0.279784195	0.244549109
220	2007027	1	2007	LAB	3.020322757	-2.315414506	2.32849112	8.437050934	5.815684682	1.724192635	0.304579842	0.406730589	0.34775194	0.190536176
220	2007027	1	2008	LAB	5.209234687	-1.26291811	0.560672994	9.006983421	1.697719079	2.869406676	0.436929151	0.380682336	0.281422022	0.224836097
221	2007028	1	2007	LAB	3.211868394	-2.600797849	3.064174411	7.41247808	5.934985991	1.697254402	0.252398452	0.355631298	0.236594948	0.165376859
221	2007028	1	2008	LAB	5.31555153	-0.968482071	0.808224592	7.577015509	1.636144009	2.797384039	0.412048981	0.413087585	0.295241358	0.225439398
222	2007029	1	2007	CEN	1.956635197	-2.209175207	2.434113451	7.906034908	5.775076656	1.758377537	0.295545945	0.454517195	0.310675795	0.213247104
222	2007029	1	2008	LAB	4.488699641	-1.104729063	1.309683265	8.747432416	2.770504857	3.194120379	0.416093481	0.439960064	0.307201046	0.212301075
223	2007030	1	2007	LAB	3.052508752	-2.104273482	2.812279676	5.818561466	5.823664733	1.708805618	0.293981972	0.433019658	0.323301382	0.197464416
223	2007030	1	2008	LAB	5.88722805	-0.823922268	0.441709102	7.965852532	1.626214265	2.719931448	0.394556863	0.377400611	0.256856409	0.239061554
224	2007031	1	2007	LAB	2.647237786	-1.693333029	2.255351638	6.114272724	6.090953089	1.830316946	0.277435426	0.434190103	0.324232915	0.18789306
225	2007032	1	2007	LAB	3.140995831	-2.195869216	2.782118046	10.71191442	6.425648427	1.992190364	0.24280121	0.384949974	0.249308629	0.203471085
226	2007033	1	2007	SW	2.648830074	-3.301009875	1.558508584	14.12310448	6.149616489	2.40911168	0.297041333	0.358289154	0.30537107	0.176984319
226	2007033	2	2008	SW	5.070397399	-1.596494207	0.858551469	15.0149523	3.633532879	3.312972323	0.343095172	0.38877552	0.305683819	0.173173568
226	2007033	2	2009	SW	4.989064004	-3.654640174	0.318728347	13.01820091	2.278811867	2.518879694	0.230733817	0.340318696	0.32622277	0.104221119
226	2007033	2	2010	SW	4.47214871	-1.393629248	0.131280329	9.700085831	2.605151924	1.860092825	0.20954748	0.295755728	0.202284313	0.105943674
226	2007033	2	2011	SW	4.984595087	0.579954083	0.219928999	3.71566674	3.273155422	1.974218017	0.202969681	0.306257934	0.279216234	0.143716616
227	2007034	2	2007	SW	1.27428822	-2.218390529	6.497549376	6.73153197	4.471280294	1.780906884	0.252787018	0.336033184	0.28404141	0.217083833
229	2007036	2	2007	SW	3.377590786	0.409980579	2.020627405	4.214695683	6.006826254	2.726093627	0.238331059	0.32029819	0.291459904	0.220140811
229	2007036	2	2011	SW	4.778342393	0.389269872	0.160535286	4.184695466	3.170714655	1.979579641	0.212922015	0.259699978	0.25588448	0.137255128
230	2007037	2	2007	SW	2.86841087	-1.819170703	1.204107684	7.022792509	3.547071624	1.885664625	0.273042373	0.334901463	0.213345747	0.208308722
230	2007037	2	2008	SW	3.94275989	-2.079362246	1.285293186	15.95856351	2.830966148	3.314594296	0.327547534	0.361450437	0.172310271	0.166512892
232	2007039	2	2007	SW	-0.135733389	-2.214955454	15.22424513	6.803440962	4.071388334	1.808424928	0.277649356	0.289704321	0.195577999	0.221712677
232	2007039	2	2008	SW	5.216015377	-1.707683156	0.878459447	12.90427177	3.754569011	3.28608425	0.226731185	0.364995458	0.291436003	0.140788528
235	2007042	2	2007	SW	3.451134542	-0.681224556	1.320632986	5.082179761	5.771313106	2.059756385	0.241394373	0.352889606	0.287005233	0.187404486
235	2007042	2	2008	SW	4.360443172	-2.042987794	1.109646794	16.35539241	3.181940265	3.185574364	0.177327585	0.345418751	0.19025981	0.183534675
235	2007042	2	2011	SW	4.919978654	0.292331941	0.062625926	4.275815782	3.414947366	1.904537827	0.193714157	0.289647686	0.270208839	0.125724943
236	2007043	2	2007	SW	2.927607814	-2.642356968	2.199306356	7.962540182	5.663271198	1.818001288	0.286416575	0.316482323	0.318291519	0.200244845
236	2007043	2	2008	SW	4.053262433	-3.095090619	1.131707054	22.05949803	3.003389424	3.007477616	0.316221153	0.361158459	0.194691969	0.109947683
239	2007046	2	2011	SW	4.701234265	-0.090807011	0.094419155	4.536857312	3.630020953	1.98120726	0.234627926	0.273464905	0.282118073	0.170223636
255	2008015	1	2008	LAB	5.039278318	-1.126316746	0.91222432	9.407390572	2.262978711	2.873168907	0.406128887	0.427761481	0.244129715	0.239027389
255	2008015	1	2009	LAB	4.24682802	-5.601793029	0.298871636	14.43230422	2.788363832	2.373625033	0.324731292	0.347567676	0.335813045	0.158811817
255	2008015	1	2010	LAB	5.059978144	-1.240622269	0.051581984	13.50857766	2.34128822	2.308603987	0.220983696	0.412705141	0.362401411	0.106130344
256	2008016	1	2008	LAB	5.239014118	-1.183977193	0.408443738	9.620336818	1.762244965	3.033561083	0.427088995	0.374552376	0.279436232	0.199939138
256	2008016	1	2011	LAB	5.056464913	NA	0.074893948	NA	2.992192561	NA	0.305995666	0.29384135	0.432510777	NA
257	2008017	1	2008	LAB	4.698138035	-0.942524021	0.965818803	8.293700235	2.185051813	2.933407997	0.417179362	0.403855455	0.25541609	0.209545817
258	2008018	1	2008	LAB	4.754708642	-1.690991261	1.477719403	11.36791666	3.160483211	3.597553468	0.409551385	0.368027209	0.235488616	0.088335747
258	2008018	1	2009	LAB	4.541406668	-6.337630546	0.138251544	18.46045516	1.751065335	2.438750717	0.302171634	0.294089801	0.321684186	0.1481077
260	2008020	1	2008	LAB	3.901192025	-1.420722351	1.935311705	9.888278854	2.812404418	3.214977694	0.425821142	0.400643152	0.29299852	0.177480274
261	2008021	1	2008	LAB	4.321167692	-1.663987081	1.319152394	11.80306231	2.710196225	3.61000904	0.420634884	0.396893748	0.274309858	0.106448576
262	2008022	1	2008	LAB	5.314987615	-1.189348174	0.700293833	9.22171484	1.667133761	3.04576937	0.41696672	0.43055421	0.293270846	0.261018318
262	2008022	1	2009	LAB	4.514143041	-5.517650074	0.318593374	15.14043951	2.664811344	2.416052632	0.319137725	0.382868558	0.317741374	0.159207585
264	2008024	1	2008	LAB	5.51285099	-0.900646824	0.64225973	8.515308882	2.507649919	3.067067403	0.428049392	0.392347719	0.245395577	0.226295551
265	2008025	1	2008	LAB	5.284335351	-0.677986549	0.693805203	6.109450302	1.850114436	2.745911085	0.385147671	0.379125335	0.27967908	0.196458834
266	2008026	1	2008	LAB	5.285791436	-0.952643985	0.625659201	7.879511734	1.77749418	2.854139344	0.418600467	0.417649961	0.261781281	0.219486294
267	2008027	1	2008	LAB	4.996204514	-1.032025229	0.814661953	9.105340755	2.575642091	3.12525697	0.43062254	0.437486876	0.319073387	0.217790757
268	2008028	1	2008	LAB	5.540037097	-1.035164763	1.104317287	9.371992343	2.212237952	2.973459832	0.409338738	0.43751623	0.297326553	0.236431477
269	2008029	1	2008	LAB	4.434749273	-1.533627659	1.255351824	10.23496623	2.667574084	3.336792458	0.418826379	0.362894637	0.315536075	0.172301821
270	2008030	1	2008	LAB	5.040381793	-0.601834924	1.129209219	10.04947389	2.842525088	3.231796751	0.447521275	0.370995845	0.259008674	0.155983005
271	2008031	2	2008	SW	5.050297137	-2.030052501	0.961167808	15.53397879	3.559990689	3.240077019	0.303620583	0.422104798	0.303622586	0.135470542
271	2008031	2	2011	SW	4.681241124	-1.731548929	0.124173788	6.262785132	3.142782871	2.109487736	0.336344954	0.309940027	0.234963161	0.17563894
272	2008032	2	2008	SW	2.698356426	-1.588789201	1.795424411	12.80081935	2.736738757	3.244807468	0.311739269	0.303931834	0.178303791	0.146133841
273	2008033	2	2008	SW	3.998918685	-1.755820177	1.182968349	14.63349315	2.973194169	3.345316768	0.32677398	0.337251348	0.203949235	0.137814978
275	2008035	2	2008	SW	4.11468808	-1.434079112	0.987069449	11.20987064	3.336212496	3.274825881	0.317971214	0.376247835	0.204579503	0.13605486
276	2008036	2	2008	SW	4.530862447	-1.963815146	1.049688777	14.8850734	3.500074604	3.217658205	0.348576893	0.335459837	0.141661823	0.149178506
276	2008036	2	2009	SW	4.201412846	-5.096875539	0.700831669	14.92091225	2.265451559	1.92244739	0.230588039	0.33433761	0.239309782	0.136621521
276	2008036	2	2011	SW	3.480036751	-1.28787054	0.924890294	5.767686953	3.821578617	2.129620577	0.230823115	0.141269316	0.179198551	0.215288613
277	2008037	2	2008	SW	5.16258637	-1.766828812	0.927241217	14.22224049	3.306039589	3.385167682	0.2692334	0.399201505	0.301193744	0.134278565
278	2008038	2	2008	SW	3.734991886	-2.058742066	1.366812833	16.56943173	3.053999265	3.056973421	0.319325006	0.342892394	0.209351838	0.121497949
280	2008040	2	2008	SW	4.772818309	-1.830842404	0.860838075	13.73158168	3.571740899	3.343610192	0.269463879	0.357658434	0.224526055	0.119834269
281	2008041	2	2008	SW	5.989626772	-0.834180423	0.62413841	9.830059144	3.707664201	3.428291168	0.332478692	0.342120187	0.183214722	0.137819622
281	2008041	2	2011	SW	4.66549633	0.07162914	0.292424163	4.533677091	3.281816262	1.985274832	0.232472814	0.298506433	0.212592934	0.135377817
282	2008042	2	2008	SW	4.849824066	-1.792060924	0.865733698	14.97055572	3.495813648	3.346021649	0.291335084	0.340802756	0.318653586	0.172098273
282	2008042	2	2009	SW	5.521504616	-2.819345835	0.291691291	15.99839141	2.307790582	2.71009565	0.246585201	0.291840777	0.316161798	0.093868599
282	2008042	2	2010	SW	4.777318491	-1.446429801	0.082816326	9.77135117	2.317742731	1.85075544	0.21590877	0.350450216	0.297236568	0.096110218
283	2008043	2	2008	SW	5.472583507	-0.982175114	0.694224878	9.951703512	4.398909324	3.398774349	0.339720883	0.351017922	0.128930912	0.126815063
283	2008043	2	2009	SW	4.845289186	-3.379834486	0.372158051	14.82845212	2.276253611	2.58269005	0.280804681	0.390212843	0.328475871	0.13629287
283	2008043	2	2011	SW	4.325640461	-0.432147513	0.376841551	4.471696233	3.320127626	2.050442962	0.271124276	0.255711589	0.187579592	0.167029242
284	2008044	2	2008	SW	5.244911897	-1.294169	0.979544449	11.32869434	4.123162127	3.347740146	0.306379533	0.362121601	0.147884727	0.148487862
285	2008045	2	2008	SW	4.906850549	-1.994072763	0.886014184	15.86207294	3.705346016	3.248292517	0.184042813	0.363276955	0.168122137	0.116590859
285	2008045	2	2009	SW	3.994400915	-5.093252993	0.685420719	14.10552181	2.217289439	1.862649493	0.231310289	0.336496144	0.226070711	0.155639889
286	2008046	2	2008	SW	5.430359033	-1.387607849	0.83140296	11.14228351	4.367842353	3.278427809	0.325008536	0.362232369	0.161603679	0.13669375
286	2008046	2	2009	SW	4.710372537	-3.449464103	0.389859833	14.36672758	2.423116969	2.60905791	0.229182265	0.353739797	0.34124851	0.143310574
286	2008046	2	2011	SW	4.651162771	0.362032823	0.139622235	3.059242889	3.47429829	1.722463429	0.281080872	0.225527161	0.243242611	0.17116658
320	2009023	2	2009	SW	4.773620548	-3.530893171	0.354604495	14.77577852	2.441490065	2.413319018	0.289270649	0.377250991	0.336979662	0.12552427
353	2009056	1	2009	LAB	4.543801286	-5.768721167	0.349645066	15.68337572	2.578555153	2.420817047	0.373951633	0.382065468	0.313103792	0.141718127
354	2009057	1	2009	LAB	4.8654471	-5.155207822	0.453944786	14.72555029	2.79720325	2.65148785	0.352909954	0.326780817	0.308941412	0.207036693
355	2009058	1	2009	LAB	4.618805483	-5.855093636	0.240136269	15.67556786	2.405039014	2.398471217	0.33324525	0.398020625	0.293656606	0.140056159
357	2009060	1	2009	LAB	4.571432597	-5.401441714	0.32078504	15.70502628	2.779490445	2.657589316	0.325727671	0.361318624	0.3397059	0.14866278
358	2009061	1	2009	LAB	4.697497018	-5.500314046	0.463157874	14.67696593	2.743343538	2.39686802	0.32510616	0.397362702	0.335282412	0.141955704
359	2009062	1	2009	LAB	4.874295591	-5.552673095	0.320005122	15.45524002	2.704800529	2.456582183	0.33865945	0.328968585	0.338548218	0.141316295
359	2009062	1	2010	LAB	5.073886453	-1.208713687	0.119838328	15.36463461	2.466699773	2.324997236	0.307447791	0.423975454	0.392008458	0.164434463
361	2009064	1	2009	LAB	4.388685265	-5.265005719	0.496129587	15.24070707	2.734713655	2.722143852	0.331662183	0.433231459	0.287145634	0.131746142
361	2009064	1	2010	LAB	4.958237655	-1.20851529	0.080007648	13.79430231	2.296043334	2.269167736	0.221664159	0.410910794	0.356568419	0.123554628
365	2009068	2	2009	SW	4.915651567	-2.849336482	0.236497908	15.42703273	2.351499725	2.914395567	0.265236398	0.344961259	0.275873265	0.067543572
365	2009068	2	2010	SW	5.451902929	-0.838839325	0.033857918	8.008046112	3.213729906	1.754846545	0.300468969	0.255033138	0.199816007	0.081735556
366	2009069	2	2009	SW	5.086778782	-4.298746049	0.42884777	12.94772621	2.332967987	2.059230404	0.210155055	0.385221887	0.321724751	0.168363956
366	2009069	2	2010	SW	4.931888337	-1.58419631	0.027386194	12.48087843	2.960113084	2.018236155	0.275559991	0.321125828	0.232582871	0.123280956
366	2009069	2	2011	SW	5.236624961	0.122166017	0.015896183	4.393069531	2.838509053	2.007311834	0.238150361	0.267044815	0.258027218	0.154404747
367	2009070	2	2009	SW	4.606433963	-3.72559835	0.384898475	13.99738731	2.230761553	2.389472454	0.300129536	0.405047265	0.313516857	0.126046512
367	2009070	2	2010	SW	4.280787259	-1.338819548	0.186551594	9.29156826	2.270178378	1.890376315	0.266015711	0.272856155	0.236177299	0.118747665
367	2009070	2	2011	SW	5.236624961	0.122166017	0.015896183	4.393069531	2.838509053	2.007311834	0.253968217	0.252237844	0.253159491	0.129794276
368	2009071	2	2009	SW	5.460760646	-3.013614236	0.29938449	16.25415111	2.310121369	2.858818626	0.300650837	0.354855358	0.341734131	0.099638222
368	2009071	2	2010	SW	4.843328224	-1.417841287	0.047117981	9.837522829	2.753742979	1.771432889	0.311573524	0.345735577	0.214153808	0.0869543
373	2009076	2	2009	SW	5.071902447	-4.319250247	0.340956225	12.5861522	2.288863407	2.135025059	0.237019511	0.361047036	0.350401042	0.19220093
373	2009076	2	2010	SW	4.910410478	-1.369188994	0.020035414	9.467949263	2.731829225	1.867929994	0.269033581	0.280396569	0.252851356	0.114384012
373	2009076	2	2011	SW	4.731898419	-1.004217234	0.072709382	5.195321365	3.472761063	2.253150546	0.18285413	0.152078645	0.253738175	0.118394735
376	2009079	2	2011	SW	4.68868673	-0.588446796	0.136483257	4.688359772	3.453238339	2.075991174	0.283474595	0.299873559	0.257119469	0.161236376
377	2009080	2	2009	SW	4.421169627	-4.232913818	0.374193468	14.04635655	2.510750101	2.315846258	0.216443954	0.37972425	0.241854475	0.078460096
377	2009080	2	2010	SW	4.344833037	-1.568366939	0.16780569	12.67510399	2.157982975	1.929982997	0.273669943	0.362840189	0.1994658	0.10540136
378	2009081	2	2009	SW	4.360998195	-4.769529626	0.364458272	14.5465797	2.386354777	2.081216453	0.231713638	0.344040506	0.252076383	0.154872277
378	2009081	2	2010	SW	4.546965025	-0.866192127	0.193699554	8.043588072	2.809472196	1.738828083	0.271575759	0.20129599	0.180440781	0.098661394
382	2009085	1	2009	LAB	NA	-4.891440145	NA	16.14493619	NA	2.536325941	0.252712719	0.25490708	NA	0.082031199
382	2009085	1	2010	LAB	4.992396988	-1.469931135	0.218229936	13.84289636	2.807525441	2.302600711	0.197371197	0.424897231	0.340712328	0.114137641
386	2009089	1	2009	LAB	NA	-4.891440145	NA	16.14493619	NA	2.536325941	0.28582071	0.314519211	NA	0.0657136
387	2009090	1	2009	LAB	NA	-4.891440145	NA	16.14493619	NA	2.536325941	0.274406446	0.329719055	NA	0.067110901
389	2009092	1	2009	LAB	NA	-4.891440145	NA	16.14493619	NA	2.536325941	0.274406446	0.329719055	NA	0.061676667
389	2009092	1	2010	LAB	5.03810599	-1.265200814	0.093189268	13.97294034	2.372445222	2.283156474	0.203552559	0.447982433	0.387958998	0.168210096
390	2009093	1	2009	LAB	4.874675364	-3.417341598	0.299269698	10.78381655	2.034749144	2.347133211	0.319859068	0.316654079	0.241558161	0.149655678
406	2010010	2	2010	SW	4.987773794	-1.410829868	0.012988519	10.58476082	3.121848155	1.840107893	0.282251373	0.343748016	0.250266372	0.129575862
412	2010017	2	2010	SW	4.754744909	-2.100316071	0.052424914	12.32971479	2.950716256	1.877078513	0.27349664	0.252869027	0.202743121	0.058733716
412	2010017	2	2011	SW	4.32959885	-0.179991257	0.416754004	5.006073866	3.316177894	1.928481836	0.237972979	0.179447085	0.225767209	0.165837112
420	2010025	2	2010	SW	4.21925378	-2.401438487	0.241743899	19.93370629	1.81232817	2.444520855	0.260294596	0.217792776	0.226307559	0.046248074
423	2010028	2	2010	SW	4.225283774	-1.994301711	0.194337515	13.43683238	2.616356246	1.968410172	0.271638246	0.302512998	0.189570454	0.162451243
423	2010028	2	2011	SW	4.483643073	-0.699093232	0.329827449	4.964973731	3.292627804	1.82217465	0.263613797	0.208210521	0.242191816	0.137831346
424	2010029	2	2010	SW	4.950942474	-1.373850424	0.009078356	9.642258258	2.984545735	1.886183975	0.283731371	0.331795555	0.249888578	0.075948462
426	2010031	2	2010	SW	5.121628513	-1.018288227	0.040813639	8.497687491	3.117551755	1.744917688	0.257374563	0.279331336	0.172486555	0.097251392
426	2010031	2	2011	SW	4.78386506	-0.011669257	0.082619636	3.390248407	3.378576569	1.833007088	0.319769929	0.246225895	0.253758633	0.182333682
427	2010032	2	2010	SW	4.842240374	-1.250728389	0.014502267	11.43572689	2.968638535	2.027293202	0.309613149	0.370789395	0.246711335	0.114929222
428	2010033	2	2010	SW	4.719133996	-1.564784914	0.135874641	10.48286256	3.024319931	1.805028102	0.273457598	0.261959513	0.207344339	0.099132746
429	2010034	2	2010	SW	4.794381237	-1.440552889	0.091892704	12.24206173	2.708710485	1.945662572	0.265674677	0.297729961	0.241481334	0.118659154
431	2010036	2	2010	SW	5.359389023	-1.422371385	0.036041365	11.02951831	3.951965951	1.934395022	0.27146973	0.348322877	0.259024868	0.0968622
431	2010036	2	2011	SW	4.681324716	-0.517126516	0.18912353	4.641089151	3.334353287	2.062195541	0.278324106	0.323847923	0.264650283	0.132518457
434	2010039	1	2010	LAB	5.144627946	-1.213929803	0.102193824	12.48107183	2.456973882	2.257807168	0.20531084	0.42544301	0.392207892	0.1185929
438	2010044	1	2010	LAB	5.018365445	-1.004388913	0.05355143	12.1392653	2.296950848	2.31010603	0.252729823	0.400317972	0.369177745	0.072974272
439	2010045	1	2010	LAB	3.460791637	-2.243450176	0.2891883	18.55747239	1.92847481	2.227310149	0.201533346	0.278439309	0.219223728	0.093501928
439	2010045	1	2011	LAB	5.285508064	-3.243493909	0.077018195	11.21020133	2.783840361	2.060922084	0.325661002	0.344680065	0.381640228	0.158561935
445	2010054	1	2010	LAB	5.017146283	-1.108205038	0.054470826	12.87903395	2.334515653	2.304485729	0.224315794	0.395010206	0.369780435	0.160821885
445	2010054	1	2011	CEN	4.50300776	-2.478255211	0.191574015	7.254550015	3.81376225	2.223853701	0.326508896	0.316208333	0.304705263	0.117865029
446	2010055	1	2010	LAB	5.026911035	-1.057425479	0.130291864	12.69161515	2.606137896	2.328411056	0.220115329	0.444488719	0.419973803	0.091222486
447	2010057	1	2010	LAB	5.146429846	-1.28536383	0.108604221	15.57238755	2.60226089	2.323633681	0.214402734	0.432518094	0.415801834	0.167566766
466	2010059	1	2010	LAB	5.017023191	-1.169565271	0.01915658	13.49404323	2.135680223	2.310764246	0.225778543	0.40220971	0.3676966	0.08961911
466	2010059	1	2011	LAB	4.841481033	-2.796847863	0.142420542	9.285549347	2.838999285	2.106258256	0.284697366	0.31563991	0.330060378	0.104527767
467	2010060	1	2010	LAB	4.991274979	-0.995907134	0.017756603	12.03676289	2.168241221	2.332334852	0.235966397	0.395039634	0.399910891	0.103732645
467	2010060	1	2011	CEN	5.200729904	-3.340080649	0.119220599	11.26483274	2.803385868	2.032547518	0.26015404	0.349905671	0.356904595	0.186022954
451	2010064	2	2010	SW	4.867433282	-0.98664463	0.055324077	7.322640089	2.814605242	1.859759916	0.290736727	0.320175216	0.257680871	0.106191643
452	2010065	2	2010	SW	4.480615798	-1.314188125	0.141768614	9.600120049	2.313003303	1.913646356	0.292690146	0.340632676	0.215604333	0.080661029
455	2010068	2	2010	SW	5.220926505	-1.60522769	0.068468539	13.44815573	2.511383297	1.964332395	0.232258286	0.333552961	0.307755242	0.120370958
455	2010068	2	2011	SW	4.525883384	-1.957407267	0.229273724	7.162279364	3.435117978	2.356639649	0.241930112	0.278330199	0.264607591	0.080031775
456	2010069	2	2010	SW	4.922570686	-0.74078431	0.055131235	7.115182089	2.912727066	1.725426211	0.29866136	0.306001985	0.17540492	0.098310541
456	2010069	2	2011	SW	4.936175862	-0.892273558	0.057988419	4.986853047	3.360590044	2.177303035	0.328271125	0.275769621	0.314708112	0.22775619
457	2010070	2	2010	SW	4.748364358	-1.210098655	0.068364721	9.429909466	2.680357629	1.892749946	0.284037304	0.261573719	0.251470953	0.13145609
458	2010071	2	2010	SW	4.70422878	-1.664163874	0.049566607	10.41683383	2.717731562	1.70505773	0.2798896	0.317137541	0.233953814	0.15010329
458	2010071	2	2011	SW	3.593279692	-1.227232214	0.884224463	5.361383355	3.718999471	2.087114393	0.223137015	0.195303577	0.19195611	0.152997806
461	2010074	2	2010	SW	4.992728073	-1.469263689	0.036302587	10.19117283	2.823325309	1.914026504	0.299137186	0.343905744	0.341801038	0.081654279
461	2010074	2	2011	SW	NA	-1.067131842	NA	5.092114702	NA	2.259854606	0.246702502	0.247415838	NA	NA
462	2010075	2	2010	SW	4.854420536	-1.276720189	0.014702592	9.554805894	2.772176057	1.959702445	0.292243289	0.359807355	0.261689021	0.092251417
462	2010075	2	2011	SW	3.706036109	-1.568787459	0.465581713	6.403719102	3.948863412	2.470662211	0.283820903	0.21517108	0.17707841	0.146098622
464	2010077	2	2010	SW	5.117173927	-1.11850604	0.023878143	9.806357359	2.966575557	1.937350361	0.27621731	0.324141432	0.254785137	0.10569261
464	2010077	2	2011	SW	4.604342894	-0.680661543	0.141473412	4.768098265	3.441120597	2.137670353	0.334300518	0.300789079	0.267424833	0.165010108
493	2011027	2	2011	SW	4.175438535	-1.15765069	0.540196558	5.327085344	3.283927895	2.251377035	0.173974854	0.183399951	0.198762973	0.121291606
494	2011028	2	2011	SW	2.994542257	-1.163999385	1.41879235	5.614860817	2.798755885	2.178502916	0.152908109	0.117951652	0.206470309	0.171288305
495	2011029	2	2011	SW	4.209014254	-0.44634417	0.171739718	4.314701517	3.709624752	1.974056678	0.224691369	0.263619995	0.20273302	0.145569038
498	2011032	2	2011	SW	4.48525464	-0.068544443	0.082258156	3.987185367	3.608376923	1.966322582	0.272965243	0.295221411	0.20782407	0.11169045
499	2011033	2	2011	SW	4.954437256	0.219232137	0.098295398	4.327888442	3.159698886	1.896529783	0.270276923	0.296510756	0.220335694	0.16724604
500	2011034	2	2011	SW	4.665765105	-1.241950129	0.146436854	5.480382466	3.26569513	2.211526401	0.158502329	0.271636849	0.211784055	0.093069134
703	2011037	2	2011	SW	4.525531659	-0.466002387	0.0071842	4.51894549	4.170995183	2.254564893	0.271391106	0.34483711	0.251284311	0.075369971
704	2011038	2	2011	SW	4.319240432	-0.741910769	0.16928053	4.854395855	3.754659869	2.119041322	0.28105545	0.26810034	0.192294888	0.134106621
706	2011040	2	2011	SW	4.182260474	-0.659018844	0.519858257	4.916172645	3.414962512	2.101645817	0.283358251	0.302568041	0.226138974	0.112956884
707	2011041	2	2011	SW	4.430625005	-0.484102095	0.081627827	5.276537542	4.142008968	2.264703792	0.250461799	0.282089912	0.241688918	0.093015181
708	2011042	2	2011	SW	4.831818201	-0.496287348	0.102794733	4.721775623	3.291600318	1.963076535	0.28214184	0.248929804	0.268707929	0.190404693
709	2011043	2	2011	SW	4.765655608	-0.88506967	0.104067799	5.153589691	3.474020521	2.240095436	0.237453269	0.329735526	0.267145791	0.081208209
710	2011044	2	2011	SW	4.953086329	-0.898631744	0.130790476	5.018418803	3.20307825	2.227363145	0.217820193	0.333311443	0.225589719	0.141486842
711	2011045	2	2011	SW	4.374486262	0.438406525	0.225408682	3.960586181	3.406303292	1.918564457	0.250311702	0.255004184	0.218337422	0.136194033
712	2011046	2	2011	SW	4.842956803	-0.719114418	0.097619744	4.618217913	3.351611822	1.823273424	0.1962087	0.222665158	0.306395103	0.129810612
713	2011047	2	2011	SW	4.893911651	0.261019987	0.088929993	4.472599122	3.274175024	1.973086527	0.253177427	0.279527157	0.221023051	0.119592348
715	2011049	1	2011	CEN	5.64031266	-2.720846753	0.02634267	9.129165193	3.269581886	2.035651758	0.294283036	0.334297873	0.388992867	0.140136643
716	2011050	1	2011	CEN	4.937461806	-3.459721602	0.150204611	11.38940392	3.137623253	1.976781586	0.291802631	0.298432406	0.312499742	0.166676418
717	2011051	1	2011	CEN	5.220630745	-3.255623875	0.094198561	10.78271723	2.483998494	2.070902472	0.325893863	0.332950567	0.334521356	0.16116693
718	2011052	1	2011	CEN	5.659506443	-2.350476986	0.044977833	8.845392236	3.302483398	2.145625921	0.245647004	0.299256075	0.390198698	0.10806835
719	2011053	1	2011	CEN	4.774645152	-2.713266407	0.153428897	8.817959528	3.372847653	2.092323	0.296323713	0.322705927	0.353983003	0.130249751
720	2011054	1	2011	CEN	4.799189509	-3.232251564	0.18157199	11.10972644	2.987171276	2.046841012	0.295044881	0.317587988	0.321060784	0.144477245
724	2011058	1	2011	CEN	4.887443846	-3.37095021	0.172874569	11.07107088	3.101480497	1.998059752	0.323011489	0.321587052	0.322395203	0.186615264
1	91031101	1	1991	NW	3.260589442	-2.036702349	0.336529201	13.53487469	3.095211548	2.38809322	0.27246077	NA	0.25008676	0.075278296
2	91031102	1	1992	LAB	2.861837358	-3.100719992	1.353741294	12.85026456	2.857460092	1.817871202	0.12488181	0.266101826	0.142656697	0.037851554
4	91031104	1	1991	CEN	3.235321593	-2.150544957	0.411945124	12.71844314	3.599621355	2.183749842	0.276763305	0.326557627	0.229707828	0.068035615
4	91031104	1	1992	LAB	3.867475601	-2.738700188	0.477214048	15.27534668	2.92452316	1.884756313	0.207829186	0.295842978	0.164298976	0.030393233
4	91031104	1	1993	CEN	2.39575938	-6.564848854	1.391263905	26.2639407	3.333569081	1.371796481	0.324147997	0.302697032	0.142618775	0.006591105
4	91031104	1	1994	SW	5.768069903	1.149839194	0.019418164	3.266187403	2.250996256	2.366567235	0.353034805	0.236793292	0.055812036	-0.079384817
9	91051103	1	1991	SW	3.394346321	-2.220065905	0.503651169	15.96636234	3.898002957	3.54119833	0.291122863	0.303039208	0.11022177	0.099557481
12	91051106	1	1991	NW	3.537748954	-2.484544062	0.131734984	12.9546837	2.493857306	2.327496265	0.158606977	0.267203049	0.224425118	0.07478118
12	91051106	1	1992	LAB	4.303651391	-2.596691067	0.34103784	14.92894047	2.453277334	2.086600368	0.107307914	0.190261884	0.193442575	0.10232188
30	92081110	1	1992	LAB	4.472769546	-3.17485236	0.40450028	12.18304965	3.122739361	1.828849249	NA	NA	0.181279098	0.049670156
30	92081110	1	1993	NW	1.939952544	-7.765016164	1.826981203	30.72202044	2.065816675	1.516218311	0.335181745	0.230368107	0.156034361	0.022789862
30	92081110	1	1994	LAB	5.377260595	0.921186304	0.061093459	4.493250428	2.352843133	2.65843169	0.359135721	0.25202483	0.069274773	-0.078162413
30	92081110	1	1995	LAB	3.486015706	-2.478646844	0.495464477	17.96347065	2.145841019	3.583881417	0.289679661	0.357702669	0.238860264	0.059827224
31	92081116	1	1992	NW	4.465771068	-5.026782102	0.537774123	19.57469667	3.524073173	2.028012027	0.302579021	0.315853364	0.24592608	0.061184242
32	92081119	1	1992	CEN	4.000851184	-4.35476831	0.522245691	22.94042182	3.3003593	2.372302784	0.247913018	0.273158827	0.251576293	0.086521811
34	92081121	1	1992	LAB	4.641873249	-2.732676512	0.486369202	12.81579105	3.141259471	1.973107034	0.247913018	0.273158827	0.263929683	0.112743005
34	92081121	1	1993	LAB	1.532693457	-6.584667421	2.030402605	29.27471604	2.136765566	1.316973958	0.308125644	0.233972761	0.175122157	0.007049956
35	92081123	1	1992	LAB	4.657621849	-2.825410423	0.481848616	12.92251051	3.281733269	2.066920675	0.354574064	NA	0.2298099	0.097833191
35	92081123	1	1993	SW	1.821045815	-7.755845766	1.490659162	28.77723628	1.77024739	1.399113993	0.323412059	0.192364046	0.146903966	0.011609041
40	93031104	1	1993	LAB	2.61181861	-6.785733504	3.904396604	42.13573066	3.649679897	1.729705727	0.140437717	0.30089677	0.175725745	0.010312091
40	93031104	1	1994	SW	5.420387909	0.528114953	0.043486462	2.336170317	2.695491089	2.411751292	0.089834341	0.23525518	0.047734932	-0.080147794
40	93031104	1	1995	CEN	2.963135006	-2.000581639	2.647495551	14.69057067	3.432408193	3.446943875	0.19061863	0.387352082	0.242908902	0.080368959
40	93031104	1	1996	CEN	5.850427856	-4.00816658	0.013184422	23.41974315	1.868685237	2.426633609	0.179647664	0.27235568	0.354108035	0.136864873
40	93031104	1	1997	LAB	5.868380135	-0.938558935	0.208270325	6.272922197	4.003879903	1.890919857	0.225031818	0.349803978	0.263898702	0.138729578
40	93031104	1	1998	SW	6.45558317	-1.409051125	0.026431148	3.404885263	2.054593366	1.58635951	0.250763928	0.274553891	0.243534944	0.138957411
40	93031104	1	1999	CEN	5.793844842	-4.321405315	0.096392674	11.4682808	2.62000679	2.136535823	0.18573996	0.256393587	0.275894252	0.111677681
40	93031104	1	2000	SW	4.392333259	-2.955220254	0.98675319	15.64339087	4.067937513	1.867541458	0.218348945	0.304212177	0.188366818	-0.006727846
40	93031104	1	2001	CEN	5.487198936	-0.247784414	0.021334725	9.14448941	2.759277393	3.144801501	0.296463638	0.293839629	0.290805228	0.186382683
42	93031106	1	1993	LAB	2.272581271	-6.533507553	5.167039887	40.35679979	3.733781314	1.694244789	0.179552665	0.285525914	0.156644275	-0.015478499
43	93031107	1	1993	LAB	2.572335507	-6.729092664	4.205580506	40.50039925	3.58508747	1.755647332	0.219310514	0.292315905	0.165607573	0.00744317
48	93071202	2	1993	NW	1.283486991	-7.351423512	1.258285509	39.15883105	3.207951408	2.024888915	0.30105619	0.19351142	0.106155752	0.015067241
48	93071202	2	1994	SW	5.30226507	-0.761300945	0.11688613	9.843563886	2.397258659	2.548621707	0.193742628	0.214714926	0.05297609	-0.094893497
48	93071202	2	1995	NW	2.121454971	-3.166611409	1.327592955	15.60610088	2.438611728	1.938038799	0.216557015	0.264174535	0.146960492	0.09517221
49	93071203	2	1993	NW	0.95236099	-7.301712438	2.065655152	34.07332528	3.42848419	1.795063449	0.295790159	0.220172982	0.146441042	0.014515509
50	93071204	2	1993	NW	1.294208145	-7.681322736	0.902734842	32.98790372	2.391632441	1.706472285	0.278780696	0.124337186	0.111482742	0.003990132
50	93071204	2	1995	NW	1.303746014	-3.897749227	3.368170173	15.9447165	2.321413067	1.612142995	0.236664349	0.227497468	0.198441748	0.098424626
50	93071204	2	1996	SW	4.574339054	-4.224589589	0.092069972	18.58856057	1.825581992	2.111354044	0.229218398	0.238259159	0.195350829	0.060502682
50	93071204	2	1997	SW	3.780448935	-3.773664913	0.874017596	22.84460243	2.373105155	4.518308056	0.211749107	0.193262902	0.193658386	0.092317534
50	93071204	2	1998	NW	6.133330558	-2.62483899	0.046150649	9.029433839	2.650635304	1.7086674	0.221571292	0.159613298	0.132608888	0.049833163
51	93071205	2	1993	NW	1.561292916	-7.377625831	0.996335028	34.65337641	2.317251344	1.807723395	NA	0.124508577	0.110262517	0.030055174
51	93071205	2	1994	NW	5.389287589	-1.086163986	0.125400621	10.53961089	2.482164684	2.421583748	0.123114796	0.20600679	0.04939918	-0.09070967
51	93071205	2	1995	NW	2.108280852	-2.611489515	1.619959328	15.33550883	2.352742827	2.162237594	0.164664244	0.263017161	0.209705138	0.073518782
51	93071205	2	1997	SHIFT	5.399579453	-1.639312869	0.492556248	9.84800388	3.451428273	2.721170323	0.227228861	0.275593709	0.272776092	0.12496297
51	93071205	2	1998	SW	6.160310445	-1.502636774	0.002957336	4.35597029	3.208569394	1.563024365	0.236258786	0.269848029	0.177354434	0.11320542
51	93071205	2	1999	NW	5.797662355	-6.758974322	0.190101278	40.8129204	2.820387495	2.243543347	0.175859137	0.288893359	0.138129854	0.064856073
51	93071205	2	2000	SHIFT	2.405393426	-3.972691316	2.249402106	21.42763832	2.885020922	1.611868931	0.22936915	0.264641654	0.063076101	-0.032076371
52	93071206	2	1993	NW	1.544692974	-7.429878832	1.005235474	37.36389369	2.477540253	1.949715172	NA	0.13364982	0.117756723	0.011494404
52	93071206	2	1994	NW	4.93680594	-2.328663028	0.142314818	13.2439148	2.388104653	1.988609772	0.159363257	0.236106969	-0.013075293	-0.064838529
53	93071207	2	1993	NW	0.875360597	-7.461762711	1.781603123	40.62031013	3.425642574	2.141485116	NA	0.191185312	0.100852332	0.03336596
53	93071207	2	1994	NW	5.175151808	-0.050004832	0.080897774	13.90708241	2.353408837	3.557603915	0.109139226	0.187101517	0.000899678	-0.170092628
53	93071207	2	1995	SW	2.376105371	-3.880950031	1.357560584	15.27106873	2.301574556	1.672686309	0.204984586	0.274607017	0.196044475	0.090611079
57	93101112	1	1994	SW	5.221924205	0.596597204	0.068756115	2.63642222	2.252753227	2.538318798	0.156718681	0.250749356	0.043102276	-0.100748195
57	93101112	1	1995	CEN	2.786591666	-4.036472687	3.22480176	24.06418941	2.303832697	3.404923408	0.288801417	0.327303303	0.244851621	0.128980154
57	93101112	1	1996	LAB	5.225915449	-3.884024065	0.217134652	23.98283945	2.224748715	2.716495152	0.271915429	0.295994833	0.317368317	0.126233842
57	93101112	1	1997	LAB	4.592331537	-2.868933131	0.925009235	11.62415047	2.941170126	1.787003863	0.309277018	0.348084627	0.203495948	0.109509388
57	93101112	1	1999	LAB	7.522742883	-5.48981477	0	23.253646	3.441490487	2.208415274	0.274832216	0.321148571	0.235014669	0.057541406
57	93101112	1	2000	CEN	4.290627816	-3.541712746	1.457698522	18.24391986	4.142939202	2.007592835	0.2171198	0.31227285	0.199145905	0.018923143
57	93101112	1	2001	LAB	5.68066364	-0.965096153	0.019221901	9.531814382	2.815430788	2.968785076	0.327621866	0.411039379	0.281991492	0.12847437
57	93101112	1	2002	LAB	6.510637633	-3.832542791	0.082081384	21.3122995	2.343491455	3.604120375	0.212069868	0.359429318	0.342652786	0.079766827
58	94021102	1	1994	SW	5.928563146	0.975627058	0.027509798	3.847584192	2.753324982	2.913549605	0.325052712	0.247883298	0.143021297	-0.104055571
58	94021102	1	1995	LAB	2.688511086	-3.59759058	0.952379853	16.52491947	3.035224463	2.487141923	0.32683552	0.345233862	0.269503135	0.112628596
59	94021203	2	1994	SW	5.460232923	-1.009447503	0.130915171	9.852161181	2.148502612	2.303846898	0.164108847	0.196748052	0.063756158	-0.082390674
59	94021203	2	1995	SW	2.549612962	-4.443119903	0.914789962	20.05380965	2.559447685	1.639277264	0.235179223	0.307056869	0.234565267	0.111121261
59	94021203	2	1996	SW	5.575607944	-4.155849681	0.002166888	14.67543429	1.346108254	1.706059355	0.212813311	0.236687522	0.310428695	0.11207127
67	94061101	1	1994	SW	5.201638987	0.456067918	0.017297059	2.7930117	2.325750316	2.422531093	0.274301921	0.192792557	0.060291367	-0.13256881
60	94061201	2	1994	NW	5.95915185	-0.712323191	0.065179639	11.11276797	2.191923874	2.965960114	0.143857286	0.200556737	0.0672165	-0.112493293
60	94061201	2	1995	NW	2.683573	-3.878862154	0.581645181	17.08846109	3.120242875	1.682989308	0.246192591	0.319446157	0.177289834	0.092571749
60	94061201	2	1996	NW	6.558787669	-4.170865297	0.015436913	15.23365469	2.001233433	1.672091719	0.24607106	0.272360643	0.28135148	0.113127944
61	94061202	2	1994	NW	5.648210449	-1.392557054	0.062819001	11.72376633	2.459629356	2.263645294	0.194571509	0.203659063	0.01721845	-0.114929601
61	94061202	2	1995	NW	1.978637965	-4.550389971	1.141065322	19.30455055	2.256425989	1.605644719	0.220142328	0.300487503	0.170220394	0.068946333
61	94061202	2	1996	NW	5.270755038	-4.434132705	0.02454487	16.25556423	1.612676951	1.794753692	0.166388399	0.195847139	0.261838674	0.107609148
61	94061202	2	1997	NW	4.732372184	-3.392890677	0.348074274	31.98399053	2.440909869	4.522388553	0.251606068	0.278379583	0.239596881	0.065901867
61	94061202	2	1998	SHIFT	5.104740838	-2.567990085	0.168849428	10.81810488	2.30954544	1.854269698	0.231477743	0.270239306	0.134557742	0.068475065
61	94061202	2	1999	NW	3.347028696	-5.275613293	0.33425847	23.84155975	2.988185106	1.636279349	0.190382801	0.246964529	0.195017359	0.040658664
61	94061202	2	2000	SHIFT	1.856172819	-2.177872232	2.610957019	14.48324039	2.695184997	1.780094192	0.149276039	0.269473899	0.122032978	-0.052120726
62	94061203	2	1994	NW	3.275983737	-2.321823825	1.023447838	13.3546173	2.396520706	1.816595606	0.164161604	0.231043539	0.004415251	-0.100719768
63	94061204	2	1994	NW	5.433182487	-1.288061098	0.106454114	10.52778606	2.406926978	2.369785406	0.14936639	0.203980004	0.035311592	-0.088456035
63	94061204	2	1995	NW	2.278432255	-4.138885254	1.47853738	17.06904646	2.281244038	1.623318369	0.231554624	0.277576372	0.184772136	0.082089177
63	94061204	2	1996	NW	5.30806515	-4.039064614	0.029077381	15.58354204	1.659495844	1.852474215	0.174545535	0.305409568	0.26260556	0.088024983
63	94061204	2	1997	SHIFT	4.260340326	-2.621449561	0.673012791	14.76291807	2.402206264	3.694065599	0.252029788	0.279178141	0.246395515	0.076129086
63	94061204	2	1998	NW	6.128435194	-1.295493586	0.004931762	4.45635632	3.058735904	1.778922698	0.239167018	0.25331065	0.199329074	0.086223666
63	94061204	2	1999	NW	6.222187302	-4.410544026	0.243883457	23.94335043	2.416569206	2.170001053	0.223969862	0.24150146	0.168179887	0.053970118
63	94061204	2	2000	SHIFT	2.985583797	-2.418659969	1.852288759	13.40492335	2.981408756	2.17309112	0.196734335	0.252649145	0.097208838	0.000660955
63	94061204	2	2001	NW	3.808898199	-1.764621305	0.630337262	7.744698847	2.751888285	1.770347352	0.241217235	0.171171528	0.157412571	0.027772457
63	94061204	2	2002	NW	3.113291411	-4.930156071	1.089461406	19.14675441	4.850778212	1.563508256	0.216297406	0.326409405	0.204537545	0.095706914
64	94061205	2	1994	NW	5.659430766	-0.81161766	0.106121338	10.89992314	2.219365946	2.585509427	0.164380404	0.181839668	0.094915727	-0.120190695
65	94061206	2	1994	NW	5.501270595	-1.085907146	0.079203294	10.52589221	2.409356274	2.342613956	0.177235921	0.205489248	-0.005140731	-0.111313018
65	94061206	2	1995	NW	1.814096901	-4.07204681	1.230264303	19.27488903	2.265653314	1.645143554	0.247928804	0.281712966	0.213214881	0.091484106
65	94061206	2	1996	SW	5.001431885	-4.129692	0.059281814	18.45503844	1.719575429	2.115299917	0.184982729	0.289274811	0.215737518	0.073420134
66	94101101	1	1994	SW	NA	1.179045185	NA	5.819635827	NA	3.083528241	0.184982729	0.289274811	NA	-0.115134084
66	94101101	1	1995	LAB	2.988248575	-3.352349383	1.998643247	23.32518434	3.04224101	3.039385409	0.333135868	0.342574537	0.254648281	0.054833446
81	95031101	2	1996	SW	5.773933619	-4.4200051	0.009911005	15.20919376	1.646508212	1.630396481	0.201177913	0.302716866	0.302416342	0.096455084
69	95031102	1	1995	LAB	3.527056271	-3.270660076	0.527137147	18.06422758	2.130427866	2.604610014	0.350723314	0.389653034	0.263495004	0.115192344
68	95031103	1	1995	CEN	2.655464088	-3.574931292	0.85745397	15.10007052	2.925629851	2.613894733	0.231085765	0.317524277	0.27221991	0.133430325
68	95031103	1	1996	NW	5.817951265	-3.727098857	0.008299908	12.75917665	1.652346854	1.59743357	0.309266864	0.323333989	0.355121168	0.125145921
68	95031103	1	1997	LAB	5.65334047	-1.292274593	0.397512539	5.018913173	4.704168581	1.758729797	0.180508922	0.385707306	0.355574343	0.150555414
70	95041101	1	1995	LAB	3.739389094	-1.886274559	0.375113804	14.3487282	1.926962127	3.525478821	0.291151254	0.350529483	0.247911993	0.108790536
71	95041102	1	1995	LAB	3.50303137	-3.7132646	0.950221908	19.31544024	2.638611651	2.696732222	0.331144643	0.406695565	0.276313505	0.134410759
72	95041103	1	1995	LAB	3.254309955	-2.938920139	0.563234603	16.32416973	2.068447655	2.283479114	0.340866713	0.364021939	0.188235996	0.128176552
72	95041103	1	1996	NW	5.881075075	-4.049244366	0.000677689	13.10153975	1.29588347	1.71090134	0.306079906	0.316934515	0.380751522	0.142649154
72	95041103	1	1997	LAB	5.694232269	-2.077889606	0.720846117	6.997967954	3.100916891	1.621071784	0.347478635	0.386369058	0.354535075	0.202198444
72	95041103	1	1998	LAB	5.347274205	-3.634990665	0.008450477	23.89336219	2.781412051	3.292708476	0.265966746	0.334417074	0.251025168	0.166165484
78	96041203	2	1996	SW	5.535484276	-4.344073293	0.002408504	15.21403022	1.350959616	1.714834875	0.158636214	0.310814968	0.279592117	0.089769732
78	96041203	2	1997	SHIFT	4.752009387	-1.87021286	0.438667803	11.6254117	3.027718044	3.230508725	0.242930319	0.322883304	0.270403577	0.109940964
78	96041203	2	1998	SW	6.505487696	-1.988682882	1.51E-05	6.961445787	3.532915559	1.918632697	0.241288116	0.261033333	0.143266959	0.050109887
78	96041203	2	1999	SW	6.366787835	-7.174213474	0.212219535	38.85028709	1.939216103	2.207048452	0.197904865	0.275088215	0.22669071	0.073465013
78	96041203	2	2000	SHIFT	3.228572873	-3.932404285	1.359155102	19.48670529	2.800780032	1.594327239	0.249932221	0.264498645	0.10312905	-0.024995929
78	96041203	2	2001	SW	4.608856462	-1.433417844	0.454876234	11.33007442	2.97593469	3.687091754	0.253804988	0.250329807	0.201559104	0.000306246
80	96041206	2	1996	NW	6.408529509	-4.358458846	0.06522302	22.56729534	1.757093189	2.459610206	0.217634374	0.281099325	0.221920667	0.012111181
80	96041206	2	1997	SHIFT	5.355121064	-0.981438829	0.181267701	11.75221744	2.559717295	3.6145245	0.227386577	0.279128672	0.212161567	0.10104962
80	96041206	2	1998	SHIFT	6.510972373	-1.274848986	0.002118267	5.731435645	3.511505671	2.128887499	0.279113803	0.249156494	0.160176524	0.041665736
80	96041206	2	1999	SW	6.563319442	-4.197184047	0.098929672	23.95511442	2.479704246	2.175980887	0.249454325	0.268033096	0.221315547	0.055549481
80	96041206	2	2000	SHIFT	3.558930989	-3.494962658	1.479842719	18.32178035	2.976831805	1.765072345	0.183148195	0.27735231	0.174706537	-0.014854016
80	96041206	2	2001	SHIFT	4.999326613	-1.545374059	0.309644189	10.80515833	3.279529793	3.659895287	0.267902659	0.260635668	0.146902159	0.041243239
80	96041206	2	2002	SW	5.967147422	-1.825513182	0.204556601	11.34512576	4.600993149	2.560192478	0.20937014	0.402040622	0.217264271	0.078998141
86	96041207	2	1996	NW	NA	-3.32674854	NA	11.93950575	NA	1.68777662	0.294696676	0.268426236	NA	0.146452843
84	96101102	1	1997	LAB	5.667975821	-0.965994885	0.574358725	7.048659804	3.158702631	1.937201338	0.285295153	0.37043006	0.256465419	0.145004243
84	96101102	1	1998	SW	6.409360979	-1.555367585	0.04021108	6.787889603	2.069157783	1.576629668	0.293523644	0.325259091	0.219503857	0.099472509
84	96101102	1	1999	CEN	7.122268239	-5.291822602	0.017768095	20.38433848	3.255399075	2.196069564	0.294696676	0.268426236	0.223120914	0.10826338
95	97041201	2	1997	SHIFT	4.707637142	-1.422206148	0.366478383	11.74799811	2.838856095	3.669485593	0.263784103	0.311313268	0.263779717	0.110530902
95	97041201	2	1998	SHIFT	6.319825343	-1.636061675	0.00155867	4.994127384	2.84820925	1.654055216	0.253713352	0.247137008	0.128822204	0.069128857
95	97041201	2	2000	SW	3.528233948	-1.790313688	1.237873323	12.96576247	3.1083606	2.350452084	0.20342989	0.290335562	0.168534617	-0.004399684
96	97041202	2	1997	SHIFT	5.191831267	-1.692143502	0.557135383	10.48757286	3.250603955	2.895650973	0.277895167	0.330331921	0.264130701	0.150037523
101	97061106	1	1997	CEN	5.624453712	-1.459240107	0.738747399	10.92245967	3.175560699	1.980009129	0.133541057	0.351815853	0.229737959	0.15234402
101	97061106	1	1998	LAB	5.701206877	-2.838302218	0.030651883	20.58766971	3.590725994	3.173856226	0.215370141	0.279167493	0.226028287	0.132892927
100	97061202	2	1997	NW	3.607631161	-4.186634721	0.868956205	39.20746698	2.580325988	4.330464721	0.206529028	0.201632551	0.200957388	0.068585462
100	97061202	2	1998	SHIFT	5.117710005	-2.844670573	0.119945256	12.03615773	2.2808576	1.812202565	0.216663601	0.27011258	0.142117261	0.103743386
100	97061202	2	1999	SW	5.203173317	-6.554724749	0.097930786	38.49259065	3.435659095	2.149474373	0.172573093	0.24007805	0.187480818	0.065531893
100	97061202	2	2000	SHIFT	2.575261015	-3.459738617	2.309561032	16.48998738	2.861986574	1.63228187	0.219816066	0.282191635	0.121837886	-0.016090324
100	97061202	2	2001	NW	4.768182479	-1.624789079	0.37712142	9.553509201	3.121267825	3.669688223	0.280662937	0.278547638	0.176957525	0.082724104
102	97071101	1	1997	LAB	5.65098236	-1.823609723	0.452773463	6.376218157	3.114069327	1.73199907	0.308560649	0.369796851	0.274686431	0.235453709
103	97071102	1	1997	SW	5.709641044	-2.159544359	0.905599257	11.80958867	2.915064323	2.608507508	0.335218281	0.372696811	0.146962191	0.10795652
103	97071102	2	1998	NW	6.330194388	-1.903271417	0.001582667	4.507440916	2.796659464	1.560198035	0.268905486	0.260171667	0.196568874	0.089453216
103	97071102	1	1999	LAB	7.249937061	-5.752259906	0.007813505	22.81129676	4.420868712	2.126087109	0.258498275	0.298053914	0.206062422	0.109991858
103	97071102	1	2000	CEN	4.548873411	-3.118055589	0.618639315	16.08773974	4.116692867	1.671064089	0.243804393	0.348718672	0.132900864	-0.053310154
103	97071102	1	2001	SW	5.338126985	-1.03588107	0.065860461	12.62240301	2.830577472	3.482126999	0.348955232	0.351180123	0.249895095	0.064767607
103	97071102	1	2002	SW	6.124662408	-4.72223264	0.171407642	25.80861159	3.388722472	3.201588911	0.208080972	0.345756908	0.207192071	0.068660365
104	97071103	1	1997	LAB	5.556163421	-1.140294237	0.766935914	7.54890147	2.753601697	1.920351416	0.336078426	0.338358348	0.228875685	0.150502668
104	97071103	1	1998	LAB	5.533511157	-1.041075362	0.034237211	5.02295837	3.388403185	2.946084122	0.25930133	0.306045204	0.225605839	0.184562823
114	98061101	1	1998	LAB	6.528033348	-2.030692681	0.009243876	9.999236957	2.09210175	1.888341162	0.282666076	0.308852271	0.239261133	0.084952088
116	98061103	1	1998	LAB	5.63058649	-1.502502829	0.034462478	9.129306699	3.320086211	3.229775749	0.25971207	0.319263226	0.230179226	0.174759204
116	98061103	1	1999	NW	7.524246283	-4.428838882	0.012109787	14.06589379	2.420142179	2.137146316	0.266717173	0.316338053	0.219041825	0.116355447
116	98061103	1	2000	CEN	4.372085651	-3.155924432	0.761023153	16.63049606	4.167440848	1.897467038	0.213705764	0.327348449	0.187170949	0.008797416
116	98061103	1	2001	CEN	5.176240475	0.209758363	0.007065279	7.624542982	2.993702646	3.331397642	0.317741838	0.373788826	0.291753853	0.176402924
116	98061103	1	2002	LAB	6.115797804	-2.728676698	0.128113207	16.988082	2.47236504	3.81578923	0.218949229	0.388602532	0.356138595	0.091174589
119	98061106	2	1998	SHIFT	6.240809037	-1.470126618	0.004643988	4.615721092	2.53074392	1.722627077	0.28336892	0.28745448	0.181643788	0.121021132
120	98061107	1	1998	LAB	NA	-2.44675409	NA	10.8067952	NA	2.014771647	0.351923909	NA	NA	0.057317133
120	98061107	1	1999	LAB	7.630981509	-4.9336649	0.001610747	18.37260156	3.701990001	2.013879063	0.268105848	0.308465895	0.265030915	0.128282881
125	99021202	2	1999	NW	3.92957067	-5.135220262	0.194608223	20.37850476	3.373332654	1.463282683	0.160668006	0.200307505	0.174287034	0.025447964
125	99021202	2	2000	SHIFT	3.059728162	-3.917117234	1.44718076	18.5494488	2.631404233	1.624805167	0.166840986	0.2376147	0.190799654	-0.019866412
125	99021202	2	2001	SW	4.401033175	-1.761759814	0.460644152	10.69407679	2.822060939	3.596378793	0.310268107	0.2160024	0.180145544	0.061443905
125	99021202	2	2002	SW	3.733264934	-4.806190818	0.439204343	17.32466239	5.205241693	1.805586412	0.232241813	0.297704674	0.246045883	0.073012743
125	99021202	2	2003	SW	6.741661374	-2.5201221	0.007422381	9.212241841	3.96024018	2.3967374	0.173299256	0.164946704	0.154025834	0.029342282
126	99041201	2	1999	SW	6.863173688	-3.476583792	0.116027537	18.58662494	2.208483715	2.25666009	0.16558957	0.283439949	0.256767231	0.104781003
126	99041201	2	2000	SHIFT	4.265159484	-1.814636636	1.141420342	14.15136627	3.431319772	2.354438969	0.234232831	0.284400749	0.128393732	0.002093365
126	99041201	2	2001	NW	4.724930388	-1.919198525	0.323350159	9.959259731	2.827587941	3.515674123	0.264835915	0.257406059	0.132194188	0.005154187
127	99041202	2	1999	SW	6.211748278	-4.308190652	0.189687404	24.40877986	2.16823468	2.178496122	0.22606481	0.244212155	0.207448004	0.055421072
127	99041202	2	2000	SHIFT	4.226833671	-1.455446902	1.282988097	11.67110242	3.623669486	2.396273567	0.228200659	0.281554926	0.099463066	0.018407304
127	99041202	2	2001	SHIFT	4.84645503	-1.757971361	0.214913963	9.290301512	2.489452961	2.726213144	0.262298909	0.300645243	0.26106938	0.051674766
130	99061102	1	1999	NW	7.510063204	-4.162951706	0.017235771	11.2503925	2.55589487	2.135605999	0.288207457	0.315225494	0.203300571	0.081635897
130	99061102	1	2000	CEN	4.521567526	-3.117667899	0.992924672	15.84966675	4.076505929	1.719627619	0.183567772	0.309749957	0.213489244	-0.01639433
131	99061103	1	1999	CEN	7.008374037	-4.4912014	0.054098311	13.91621908	2.841499761	2.1547315	0.296265607	0.285865455	0.268978297	0.074689163
129	99061201	2	1999	NW	6.71433468	-3.15106647	0.068470871	17.86174776	2.161405909	2.3749056	0.255532891	0.223336127	0.249269905	0.126229164
129	99061201	2	2001	SHIFT	5.334182034	0.258627635	0.192150405	12.40516118	3.539276849	4.286110205	0.301751492	0.290760795	0.13260663	0.064444111
129	99061201	2	2002	SW	5.817628684	-2.287135967	0.210494468	14.44023219	4.87182885	2.65768495	0.302176826	0.384083522	0.197325105	0.055378053
129	99061201	2	2003	SW	8.640942687	-2.49876507	0.004458753	8.121191568	3.604055652	2.139372195	0.204292407	0.20027502	0.192941933	0.028041428
129	99061201	2	2004	SW	4.594063365	0.937008403	0.102462712	1.857788216	4.395949366	1.600177112	0.079034319	0.325881711	0.270473273	0.145730979
129	99061201	2	2005	SW	4.907757708	0.127246083	0.278694354	2.106947264	2.807046524	1.185464131	0.250925359	0.339664062	0.243564789	0.158043542
129	99061201	2	2006	SW	5.640328483	-0.036758459	0.009970761	4.975469893	1.639379899	2.90150312	0.264852161	0.343983386	0.280704403	0.160145214
129	99061201	2	2007	SW	1.173395608	-2.020360074	6.207983322	6.660701362	4.356650674	1.774058215	0.26534976	0.335945988	0.300003526	0.187054864
148	2000112065	2	2001	SW	4.517037075	-1.641614751	0.381211148	10.65691398	3.026945255	3.613518929	0.218557597	0.213383968	0.164952759	0.034105038
153	2003061201	2	2003	SW	7.713335905	-2.447134801	0.005645931	8.405626226	3.911286116	2.153078244	0.186735911	0.221069959	0.150517048	0.00657069
155	2003061206	2	2003	SW	8.405332769	-2.360314355	0.005194947	8.086152535	3.732159122	1.986781253	0.183383042	0.209129748	0.181793366	-0.009903987
137	20000611005	1	2000	LAB	4.370458674	-3.760340924	1.081538076	14.87174266	2.595766457	2.039643112	0.262538888	0.317108107	0.200881435	0.018167301
137	20000611005	1	2001	SW	5.396107545	-1.081236632	0.033199917	13.91021049	2.919343939	3.570534077	0.292660169	0.29520408	0.312132413	0.058779241
137	20000611005	2	2002	SW	5.500483755	-3.80602601	0.489465897	15.74644128	3.672032129	3.078643435	0.291072637	0.373636874	0.342729293	0.016400529
137	20000611005	2	2003	SW	8.344100593	-2.1650839	0.005828137	7.867318625	2.706103915	2.135757523	0.199011554	0.211029157	0.23504914	-0.01194127
137	20000611005	2	2004	NW	5.722582373	1.068424241	0.011856808	2.366798124	3.828192644	1.737123103	0.164709754	0.317286124	0.281296049	0.166445621
137	20000611005	2	2005	SHIFT	5.205606622	0.335967662	0.181560499	3.516101625	3.479729338	1.449025341	0.206927395	0.316331677	0.274020841	0.142921784
137	20000611005	2	2006	SW	4.783782477	-1.802577863	0.08043574	11.72972799	1.873302817	2.953535468	0.236882543	0.336225639	0.217066401	0.137451957
139	20000611009	1	2000	CEN	4.562489455	-2.718390652	0.953726942	12.92226149	3.775292116	1.682924546	0.256848641	0.338357168	0.194694829	0.00073524
139	20000611009	1	2001	SW	5.221678659	-1.393614229	0.071288407	12.58843095	3.132481034	3.658368744	0.301756052	0.322891694	0.302120665	0.061308325
139	20000611009	2	2002	SW	6.065286439	-4.206029487	0.272531673	16.59375399	3.434111271	2.998704742	0.289903931	0.312869199	0.296108199	0.047581835
139	20000611009	2	2003	SW	8.40782271	-2.177478589	0.006532789	12.36889552	3.051198862	3.634425441	0.174375227	0.210109731	0.240637953	-0.027140744
141	20000611015	1	2000	LAB	4.049992165	-3.512609981	1.451583154	17.41242923	4.589086276	2.162358769	0.222429861	0.308972044	0.130382025	0.02626043
141	20000611015	1	2001	SW	6.038174332	-1.012243589	0.06938501	16.29392795	3.036456334	3.955834446	0.295459347	0.336494379	0.260734922	0.074710461
149	20020611001	1	2002	LAB	5.663866183	-3.592111388	0.323310037	19.80124895	3.581913936	3.626473731	0.26882225	0.362589134	0.307330503	0.058072982
149	20020611001	1	2003	LAB	9.153265014	-2.132949544	0.008048923	13.21749796	3.271241	3.39351791	0.304783399	0.337412499	0.176495754	0.020453176
150	20020611002	1	2002	LAB	5.952395219	-4.312350927	0.278063304	25.18029462	3.367714123	3.476654619	0.260406896	0.393838813	0.252311607	0.019636992
156	20031011001	1	2004	LAB	5.043792929	-0.386465302	0.086362235	3.166258088	3.530793932	1.327206035	0.213698437	0.322390665	0.276346253	0.130672096
156	20031011001	1	2005	LAB	6.130781595	-1.350370161	0.113366646	12.93461949	3.455925415	2.39427315	0.29576931	0.348339074	0.281911539	0.082506958
157	20031011002	1	2004	NW	5.211277504	1.109065606	0.057087725	2.987886824	3.676429202	1.402950888	0.192623534	0.315191761	0.287216684	0.126921466
157	20031011002	1	2005	LAB	6.100424004	-1.08295405	0.144598091	11.64026266	3.418068797	2.512717812	0.227820292	0.415692881	0.268708708	0.088769396
159	20031011004	2	2004	SW	5.738401638	0.903893754	0.01794477	3.441929703	3.500880334	1.633310375	0.125112429	0.332377588	0.28155387	0.18171901
159	20031011004	2	2005	SHIFT	6.264518178	-0.556914073	0.033768637	10.94745504	4.307920455	1.949202988	0.243143268	0.382024101	0.354088266	0.148967245
159	20031011004	2	2006	SW	4.808719802	-1.631297045	0.124850324	11.3693337	1.696944728	2.960260428	0.231495184	0.342215563	0.267112567	0.120450114
159	20031011004	2	2007	SW	2.708759348	-2.913235288	2.80942197	8.320904956	5.866194782	1.729041886	0.235691893	0.325491616	0.32711066	0.179827788
159	20031011004	2	2008	SW	5.869586295	-0.388828049	0.849711193	9.231835588	3.250679046	3.582344121	0.328522019	0.414398419	0.248731267	0.171025914
160	20031011005	1	2004	LAB	4.116606224	-0.461149698	0.17448339	2.933552524	3.334795405	1.286546985	0.159686162	0.340378973	0.274604911	0.078906037
160	20031011005	1	2005	CEN	6.178286053	-2.325661955	0.127770358	12.0297492	3.497066227	2.473702538	0.30645714	0.394035224	0.273916217	0.17355283
160	20031011005	1	2006	LAB	3.807408391	-1.900566946	0.520540897	8.961656917	1.814502673	1.988745588	0.373101931	0.372958146	0.258750593	0.124502601
160	20031011005	1	2007	CEN	2.832805768	-3.726009027	2.584712661	14.34298869	6.538401274	2.144665612	0.277975421	0.383630701	0.307461122	0.156296595
160	20031011005	1	2009	LAB	4.36900426	-6.281430567	0.190663655	16.21769785	1.860082745	2.322990557	0.257847983	0.350255174	0.324525867	0.122180978
161	20031012006	2	2004	SHIFT	3.980395706	-0.476760307	0.198531982	4.386446903	3.009316241	1.626750647	0.073235291	0.226972658	0.173023342	0.105457652
161	20031012006	2	2005	SHIFT	NA	0.122069376	NA	2.112672402	NA	1.185642668	0.258817308	0.342502848	NA	0.142793832
162	20031012007	2	2004	SW	3.651285411	0.115840214	0.308865883	3.310897707	2.980593395	1.581502447	0.088049376	0.148369413	0.167630171	0.13924228
162	20031012007	2	2005	NW	5.124365773	0.04046742	0.198233705	2.752373416	3.243148684	1.269542268	0.246648656	0.319999967	0.241487781	0.137075144
162	20031012007	2	2006	SW	4.07516081	-1.578895914	0.092168947	13.81091141	1.538185528	2.977874295	0.20527453	0.32616677	0.201413752	0.14275259
162	20031012007	2	2007	SW	2.647852918	-2.610374053	1.335648211	8.795258085	3.29223579	1.947190305	0.290446449	0.303570191	0.193633584	0.185545889
162	20031012007	2	2008	SW	3.18186251	-1.847448058	1.804864683	14.56828514	2.894053091	3.164498917	0.262782608	0.244913012	0.22666553	0.169998122
162	20031012007	2	2009	SW	3.842146083	-5.734241369	0.373842257	16.33334982	2.446306971	1.584318361	0.299017517	0.295064509	0.251764109	0.107293192
162	20031012007	2	2011	SW	3.849293668	0.115803603	0.301143126	3.676582447	3.873468892	1.953762356	0.252121621	0.255230065	0.204100025	0.13042725
566	GR19991	1	1999	LAB	7.010505052	-4.731944705	0.000374908	17.81319911	3.710204247	2.192522224	0.275125829	0.33957717	0.260579115	0.094542551
569	GR2000003	1	2000	LAB	4.357480272	-4.033788131	1.373641955	17.06583046	2.893373233	2.120990847	0.198128147	0.284619388	0.15952673	0.083653963
570	GR2000004	1	2000	CEN	4.018728772	-2.644464143	1.534513428	13.36743672	4.554936814	1.666616191	0.186822062	0.243152965	0.120168707	0.020928145
570	GR2000004	1	2001	SW	5.459767973	-1.298197329	0.049697335	14.71645028	2.875170141	3.695300856	0.380270533	0.315139988	0.267195243	0.048586016
571	GR2000005	1	2000	CEN	4.445159818	-2.738426086	1.092569053	13.64616795	4.375335496	1.702201095	0.214327552	0.297306765	0.18734255	-0.006233553
571	GR2000005	1	2001	CEN	5.277992265	-1.225863876	0.040497897	13.25664254	2.835916484	3.597935824	0.353134281	0.344157496	0.278256751	0.077267769
571	GR2000005	1	2002	LAB	5.994329191	-4.399384319	0.295285827	23.75502032	3.114646331	3.619097751	0.213371474	0.379602223	0.191184229	0.045975206
571	GR2000005	1	2003	SW	8.736850736	-2.046157944	0.018314703	13.29553811	3.642762878	3.363721637	0.293686407	0.319436743	0.217636058	0.066293975
572	GR2000006	1	2000	LAB	4.361908709	-4.013044586	1.174224341	17.14661643	2.823455281	2.074711183	0.234344052	0.283823217	0.188848297	0.08294537
572	GR2000006	1	2001	CEN	5.106950871	-1.166527674	0.063078107	15.15302745	2.9735469	3.704400058	0.385958008	0.327441916	0.235521394	0.03554696
572	GR2000006	1	2002	SW	6.207642765	-4.914567457	0.164988627	26.0398612	2.757580389	3.298832454	0.258896501	0.377567802	0.309165742	0.009032111
572	GR2000006	2	2003	SW	8.47447787	-2.625934086	0.00811008	9.675981682	3.520463954	2.333399087	0.179022108	0.215711744	0.205554402	0.001781323
574	GR2001001	1	2001	CEN	5.416052444	-1.441278754	0.011811399	13.40499856	2.813203435	3.491371968	0.298831362	0.320727166	0.266266624	0.087785206
575	GR2001021	1	2001	SW	NA	-0.977571503	NA	12.46870638	NA	3.634416321	0.28071153	0.368129147	NA	0.001412635
576	GR2002001	1	2002	CEN	5.606335118	-3.064239064	0.377948849	19.40691971	3.455932558	3.62994683	0.250754743	0.368174409	0.275313276	0.085084125
577	GR2002002	1	2002	LAB	6.252902458	-3.653482084	0.121428076	20.59463562	2.407669852	3.519774478	0.203763132	0.380603974	0.344255981	0.094444135
577	GR2002002	1	2003	SW	8.885737846	-1.978129934	0.006796702	13.62918599	3.638264261	3.239298419	0.255734868	0.357282741	0.170678281	0.035799657
577	GR2002002	2	2004	SW	4.757290826	0.749405478	0.116978237	2.229287163	3.811715765	1.503715886	0.113733366	0.24518283	0.331371943	0.09732646
578	GR2002003	1	2002	LAB	NA	-3.610844234	NA	18.33744234	NA	3.493418095	0.315842906	0.386489632	NA	0.068309305
578	GR2002003	1	2003	LAB	8.664684795	-2.989238348	0.000219304	15.27663566	1.661030459	3.966374985	0.309760667	0.313721036	0.229014082	0.011886615
578	GR2002003	1	2004	LAB	5.01365072	-0.238801668	0.081930794	2.94899716	3.237434939	1.333088439	0.174975173	0.390915747	0.303388198	0.175119632
579	GR2002004	1	2002	LAB	NA	-3.655397827	NA	18.8571787	NA	3.499884228	0.332173848	0.406684385	NA	0.049200209
580	GR2003001	1	2003	CEN	8.242748844	-2.271067298	0.074792706	13.7578801	4.100830589	3.937019044	0.29820217	0.346933932	0.236773809	0.039850515
580	GR2003001	1	2004	SW	5.259734093	0.95510316	0.07420721	3.562347082	3.546171006	1.534459327	0.254895711	0.379574702	0.256837565	0.089869247
582	GR2003003	1	2003	CEN	8.376350187	-3.160360616	4.14E-05	15.21967924	1.541221398	3.819952548	0.280064629	0.337901329	0.183431949	0.048957878
582	GR2003003	1	2004	LAB	4.924669087	-0.265542096	0.076414747	3.228537367	3.102628506	1.226370798	0.123541221	0.347593092	0.292058822	0.080481464
583	GR2003004	1	2003	LAB	8.661681232	-1.877852096	3.97E-05	14.9948817	2.729247501	4.374074275	0.382821004	0.441613602	0.231591401	-0.020078703
584	GR2003005	1	2003	CEN	NA	-2.973249097	NA	14.77764012	NA	3.930456533	0.382821004	0.441613602	NA	0.054403321
586	GR2004001	1	2004	LAB	5.167961145	0.039696246	0.077428906	3.079286382	3.555453513	1.262762804	0.150376464	0.354842474	0.243783031	0.129719221
163	GR2004002	1	2004	SW	5.382172377	0.851738841	0.060731402	3.024769502	3.550917184	1.561220653	0.18935202	0.358395509	0.272535846	0.099369336
163	GR2004002	1	2005	LAB	6.282455154	-1.435262612	0.125225257	12.79096157	3.42238206	2.558104444	0.249671104	0.436359504	0.23014073	0.117377886
163	GR2004002	1	2006	LAB	3.962156091	-1.673111951	0.348137575	8.021180592	2.551706532	2.073018936	0.354424296	0.323465282	0.250676315	0.117176253
163	GR2004002	1	2007	LAB	2.664426475	-1.961358347	2.316875408	6.228146293	5.839914599	1.766864598	0.300169086	0.364331991	0.323723273	0.182321363
511	GR88102	1	1989	NW	4.592844352	-2.792212484	2.523712789	19.2669032	3.73062786	2.456429606	0.285892682	0.350137951	0.156977174	0.044818677
512	GR88103	1	1989	NW	3.959441435	-3.137544134	2.790614231	20.04029889	3.211042826	2.219000127	0.161723477	0.328394039	0.159877864	0.014798693
515	GR89118	1	1989	SW	3.984942373	-2.589672381	1.917343372	17.41590182	3.433082962	2.383957243	0.219666508	0.315410183	0.159551257	0.016233602
515	GR89118	1	1990	NW	1.925440132	-5.761316333	10.79743425	33.82050872	5.378561963	3.709190943	0.181088016	0.327762944	0.294280581	0.031216583
515	GR89118	2	1991	SW	3.549889386	-1.686647902	0.527259491	12.42755942	4.022762209	3.527129129	0.25710484	0.255049098	0.126095649	0.092442999
515	GR89118	1	1992	LAB	4.601838805	-2.894492106	0.569265256	12.73102496	3.515951164	2.010347677	0.264295362	0.277281043	0.209871477	0.070075354
519	GR90104	1	1990	SW	1.696967954	-7.272217072	1.404022525	34.68499354	3.432030621	3.225260076	0.364942405	0.340094091	0.239348234	0.032850301
519	GR90104	1	1991	NW	3.159511305	-1.291464484	0.476433635	12.89768392	3.530384545	2.564125095	0.269055157	0.306672719	0.246108283	0.0880009
519	GR90104	1	1993	NW	1.734380897	-7.560022344	1.702684531	24.79411684	1.826479436	1.211313559	0.322686147	0.229300959	0.169585538	0.015928741
519	GR90104	1	1994	SW	5.422602839	0.962413916	0.026245811	1.623008165	2.548848276	2.3463607	0.288633102	0.254448859	0.056680893	-0.097542613
522	GR90107	1	1990	NW	2.109101182	-4.360825841	10.33292315	31.58887939	5.489418457	4.361826649	0.317700965	0.37320459	0.296442297	0.058883524
523	GR90108	1	1990	NW	2.297432359	-5.22760236	6.880227369	36.63731368	5.385766556	4.336318657	0.255183154	NA	0.235747594	0.054781981
524	GR90109	1	1990	NW	1.847039214	-5.873135002	10.00197736	33.4035532	5.141151235	3.807498627	0.250378325	0.309322924	0.25841944	0.02803359
524	GR90109	1	1991	SW	3.111059336	-2.058635999	0.513558319	13.39751119	3.52554034	2.375551714	0.241205415	0.332974008	0.181146316	0.077712659
526	GR90124	1	1991	NW	3.142973026	-2.173191698	0.435292743	14.54688608	3.350513185	2.464700593	0.29587386	0.345781593	0.21913793	0.076957988
526	GR90124	1	1992	LAB	4.960367599	-3.566205381	0.460124178	19.15359246	3.444135653	2.06527232	0.218843311	0.268264951	0.221571726	0.056479329
526	GR90124	1	1993	LAB	2.422065572	-7.305252615	2.624066109	47.13385707	3.385674391	1.639191357	0.30951601	0.327540504	0.143708839	0.005428022
527	GR90125	1	1991	NW	3.435356633	-1.808455187	0.668502823	13.87270956	3.790525717	2.458830281	0.29041159	0.310850938	0.170723464	0.082301677
528	GR90127	1	1991	CEN	3.329047387	-2.435754205	0.327311005	13.25855562	3.243640245	2.209556079	0.083938385	0.248596797	0.26075299	0.071683702
528	GR90127	1	1992	LAB	4.661174857	-1.87271499	0.431928898	12.49386763	2.627155125	2.02855658	0.118098667	0.217760761	0.216645582	0.058979183
529	GR90128	1	1991	NW	3.50799788	-1.985871229	0.546466482	15.35560126	3.823301385	2.589465987	0.27588652	0.315205279	0.232683918	0.07885928
531	GR91106	1	1991	NW	3.315856301	-3.721191397	0.988598075	19.21849233	3.967696334	2.911411572	0.219979895	0.3521453	0.180958308	0.048297232
531	GR91106	1	1992	LAB	4.896786724	-2.385780296	0.446070184	12.81683737	3.203894394	1.968004023	0.22097082	0.253180247	0.23785327	0.100649883
531	GR91106	1	1993	LAB	2.627359282	-6.507676358	4.315818651	37.13183012	3.747776591	1.657097076	0.287105527	0.307468436	0.158453563	-0.001911497
533	GR91108	1	1991	SW	3.49918326	-2.397103159	0.433463062	14.34336707	3.144850175	2.340561539	0.244683473	0.309962256	0.256797762	0.056163912
535	GR91110	1	1991	NW	3.724547553	-2.239027636	0.164325307	14.31873391	2.734499924	2.148061011	0.166158806	0.310906225	0.267125802	0.080700699
535	GR91110	1	1992	LAB	4.884520931	-2.430878516	0.328223602	14.56476707	2.546330512	2.164400124	0.123705882	0.212001303	0.240473381	0.077162959
535	GR91110	1	1993	LAB	2.454352827	-6.164490076	4.612827722	37.80003679	3.659099105	1.768845349	0.188262776	0.313963023	0.168503388	-0.010847975
535	GR91110	1	1994	SW	5.392715883	1.510896679	0.047052286	4.354742441	2.473554827	3.14507701	0.218549229	0.223981025	0.014124077	-0.149071922
535	GR91110	1	1995	LAB	3.747765774	-2.610302951	0.706185174	16.46516282	2.154196795	3.454698365	0.293989073	0.356234163	0.273563969	0.028052556
535	GR91110	1	1996	CEN	5.889554334	-4.258980274	0.009245106	32.60176854	1.672946089	2.446833362	0.104559402	0.282049655	0.31426978	0.107987274
535	GR91110	1	1997	LAB	5.636152069	-0.908898658	0.265099057	7.24002962	3.92398088	1.832460084	0.262967362	0.368029991	0.281329092	0.15186334
535	GR91110	1	1998	LAB	5.717788521	-1.156567916	0.02797483	8.499669563	3.23768587	3.064040444	0.248115634	0.320720255	0.198109304	0.164173621
535	GR91110	1	1999	CEN	7.117803995	-4.554339195	0.026865738	14.34391613	2.676535539	2.221603283	0.257133503	0.276347468	0.181042559	0.103455524
536	GR91111	1	1991	CEN	3.585511377	-1.966691557	0.467343555	16.56218427	3.784088435	2.373341237	0.10463257	0.183542394	0.208525533	0.067808506
536	GR91111	1	1992	NW	3.629944467	-4.69755619	0.637601229	16.74545556	3.187727523	1.691143149	0.221432422	0.200718455	0.23942227	0.061231948
537	GR91112	1	1991	NW	3.345617667	-1.928112544	0.372649126	12.18890594	3.112175345	2.256555717	0.232975104	0.255498784	0.272594301	0.081348278
537	GR91112	1	1992	LAB	4.803891102	-3.019813241	0.553024505	11.99604478	3.298517935	1.989524214	0.228426871	0.271436747	0.199153504	0.062565523
539	GR92101	1	1992	LAB	4.375393486	-2.400709657	0.465005533	13.64275736	2.934827204	2.057181834	0.214297774	0.283703182	0.187693923	0.075958947
539	GR92101	1	1993	LAB	2.624107983	-6.736287913	3.818475747	38.67463772	3.607891809	1.702337127	0.226710273	0.305245942	0.157995663	0.005884639
540	GR93101	1	1993	LAB	2.410283434	-7.185107108	3.71530554	43.29696614	3.611349748	1.620011299	0.296912834	0.30114599	0.163317476	-0.016606665
540	GR93101	1	1994	LAB	5.266786836	1.012637406	0.071365635	3.580832016	2.308649283	2.665000317	0.265350349	0.244105828	0.037020318	-0.068765498
540	GR93101	1	1995	LAB	3.271303596	-3.199822562	0.95746216	13.16327578	2.764757269	2.066428203	0.332188792	0.399620584	0.270948564	0.121182372
541	GR93102	1	1993	LAB	2.547828116	-6.364360973	1.35915948	41.07431008	3.331126544	1.765242969	0.312207267	0.305919356	0.128943081	0.004096855
541	GR93102	1	1995	LAB	3.001591868	-3.328404303	2.461329791	21.36781307	3.403584251	2.757278883	0.356996633	0.401274593	0.231708877	0.115945273
542	GR93103	1	1994	CEN	5.165051539	1.080271085	0.047546004	3.594346704	2.344765688	2.677376909	0.371080636	0.259156125	0.031356427	-0.109112803
542	GR93103	1	1995	LAB	3.266274272	-3.016094943	1.392300114	13.43684111	2.645556505	2.198933851	0.2951191	0.3977782	0.239463241	0.121585307
543	GR93104	1	1994	LAB	5.343249007	1.056917016	0.065816943	4.445191972	2.439454411	2.634059568	0.386338872	0.256848955	0.056477073	-0.1157865
544	GR93105	1	1993	CEN	NA	-5.945594622	NA	24.76238016	NA	1.894536159	0.386338872	0.256848955	NA	0.023154884
545	GR94101	1	1994	LAB	5.015917935	0.959634465	0.036053399	2.957589137	2.253787211	2.654353673	0.240972806	0.194243764	0.068536669	-0.084224485
545	GR94101	1	1995	LAB	3.578451713	-2.24457216	0.55593616	17.14240295	2.037347948	3.643764629	0.212419485	0.326271492	0.23326823	0.065280268
546	GR94102	1	1994	SW	6.210928143	0.990380563	0.009354497	3.403986017	2.920743464	2.819284667	0.296416404	0.261324803	0.129458773	-0.079306598
546	GR94102	1	1995	CEN	3.045103387	-3.696637294	0.533558384	19.07969637	2.104666013	2.728896952	0.32488469	0.400813355	0.2106575	0.116844226
546	GR94102	1	1996	CEN	5.757560007	-4.680626659	0.008074012	26.58486016	2.012499364	2.548853373	0.291670889	0.347164627	0.359270733	0.103346396
546	GR94102	1	1997	LAB	5.639284039	-1.109692923	0.780668533	6.860527121	2.735453111	1.81576006	0.351050583	0.352732099	0.210386889	0.148693454
546	GR94102	1	1998	LAB	5.585605172	-0.940589052	0.019954667	6.64692276	3.991166911	3.039013864	0.305115422	0.318939712	0.207250817	0.190664837
549	GR94109	1	1994	LAB	NA	0.285176961	NA	3.2834277	NA	2.583900423	0.346877048	0.23420089	NA	-0.093365397
549	GR94109	1	1995	CEN	3.20556627	-2.320114268	1.593849956	17.16100748	2.306002974	3.680026253	0.284394128	0.338852844	0.229902961	0.047824062
549	GR94109	1	1996	LAB	5.67757768	-4.005938518	0.014519985	22.8658533	1.907207757	2.407711137	0.2685326	0.286464111	0.355590084	0.141718032
549	GR94109	1	1997	LAB	5.65983835	-0.995001416	0.761532093	7.253260007	2.938961567	1.847998206	0.334262561	0.392545671	0.221654248	0.151914488
549	GR94109	1	1998	LAB	5.473887148	-0.998369354	0.025532371	8.45547255	3.2555192	3.093882784	0.267386092	0.307695225	0.223214179	0.164673611
550	GR94110	1	1994	LAB	NA	0.454422542	NA	3.654995863	NA	2.441067111	0.267386092	0.307695225	NA	-0.063330049
550	GR94110	1	1995	LAB	3.37074038	-2.596464714	1.120082074	17.00654401	2.448956296	3.563482001	0.237433367	0.384865283	0.220665731	0.06135399
551	GR94111	1	1994	LAB	NA	1.132806564	NA	3.678228043	NA	2.572315012	0.237433367	0.384865283	NA	-0.119929299
551	GR94111	1	1995	LAB	3.354748522	-3.203714669	0.68334348	19.85353917	2.383829825	2.946044713	0.332785816	0.364021123	0.238688189	0.116546757
551	GR94111	1	1996	CEN	5.85521896	-4.384601876	0.004660896	33.29506299	1.465420947	2.557849892	0.297741467	0.294447065	0.342373933	0.08222952
551	GR94111	1	1997	LAB	5.67335402	-1.090442336	0.65655195	8.200410717	2.851321336	1.90043666	0.347599271	0.384125025	0.274676403	0.1416371
552	GR95001	1	1995	LAB	NA	-3.082020814	NA	23.33172887	NA	2.818278219	0.347599271	0.384125025	NA	0.077008705
553	GR95002	1	1995	LAB	NA	-3.141644211	NA	17.18416604	NA	2.323273145	0.180746891	0.290984949	NA	0.129316508
555	GR96001	1	1996	LAB	5.329696334	-3.60737996	0.118960003	22.16396382	2.026255044	2.449955119	0.247321011	0.311082374	0.39521759	0.13475428
556	GR96002	1	1996	NW	5.942232288	-3.930907301	0.000345086	12.65696258	1.257599201	1.618773239	0.295577053	0.322628779	0.372768111	0.108980658
556	GR96002	1	1997	SW	6.192132452	-0.682692026	0.154565177	5.475865838	4.103670774	1.931782429	0.326604829	0.376013583	0.320974406	0.123805602
556	GR96002	1	1998	LAB	5.673941011	-2.635092752	0.023901756	18.1741694	3.7479475	3.167172468	0.25903986	0.348975422	0.198478413	0.171869197
556	GR96002	1	1999	NW	7.172894587	-4.70691614	0.041138419	17.41767708	2.736405556	2.108702605	0.150969116	0.283732844	0.249278587	0.075227037
556	GR96002	1	2000	CEN	4.101668258	-2.93701312	1.11557723	15.12983919	4.304222478	1.68229823	0.233639583	0.323973284	0.214381361	-0.010605564
556	GR96002	1	2001	SW	5.030041824	-1.12912367	0.055521358	12.14332998	2.82566489	3.211070786	0.372697887	0.300390963	0.271313333	0.047454358
556	GR96002	1	2002	CEN	5.803426565	-3.178026945	0.266140006	17.46119633	3.012044092	3.741638919	0.284068165	0.383497587	0.320376421	0.131165147
143	GR96003	1	1996	CEN	5.492187634	-4.080399041	0.086401103	23.14404223	2.085083766	2.618567098	0.25685719	0.298435423	0.375582436	0.13465736
143	GR96003	1	1997	LAB	5.48157532	-0.861133187	0.549016709	4.547815148	4.077107446	1.535528147	0.320500086	0.408001479	0.313107233	0.18479028
143	GR96003	1	1998	LAB	5.500576409	-0.82232373	0.025464376	4.189827001	3.430362234	2.939995197	0.287820302	0.316551042	0.231147615	0.183176787
143	GR96003	1	1999	NW	7.27582613	-5.589598392	0.035089756	23.90505187	2.654015017	1.947187753	0.24377896	0.271173473	0.258560397	0.079001414
143	GR96003	2	2000	SHIFT	4.002203161	-2.690325064	1.348477102	14.59746874	3.765236526	2.023715313	0.223428336	0.302009529	0.210175015	0.019156335
143	GR96003	2	2001	SW	5.132479596	-1.084899231	0.249703513	11.12848639	3.185448315	3.768466506	0.268668836	0.249153303	0.140849326	0.024718385
143	GR96003	2	2002	SW	5.066114021	-3.799643069	0.342176579	14.50346874	4.967494336	3.087001715	0.170964823	0.324816578	0.20505882	0.028290616
143	GR96003	2	2003	SW	8.597767819	-2.399469303	0.002132172	8.55509223	3.812672446	2.215692178	0.186214299	0.211540941	0.174379167	-0.012664145
143	GR96003	2	2004	SW	5.684048881	1.091721805	0.017143052	2.233799545	3.574133598	1.396845581	0.117024478	0.33364831	0.293923836	0.106168842
143	GR96003	2	2005	NW	6.178621018	0.951484903	0.071389471	6.062533282	3.78741883	2.016563948	0.244860944	0.360398272	0.214058438	0.210554528
557	GR96004	1	1996	CEN	5.918509721	-4.081610698	0.000633996	28.34148484	1.326130556	2.363560962	0.311835374	0.352109339	0.383498205	0.081919005
558	GR96005	1	1996	CEN	5.749693966	-3.829650021	0.01342409	21.05629437	1.817630641	2.09187379	0.272304326	0.306641689	0.345558983	0.13854837
558	GR96005	1	1997	SW	5.735237723	-0.912547293	0.62219371	6.144762456	2.902148654	1.920300304	0.361583346	0.370842182	0.278713243	0.156771356
558	GR96005	1	1998	LAB	5.589330437	-3.634990665	0.033499327	23.89336219	3.712089588	3.292708476	0.279006898	0.346272218	0.188618648	0.143098338
559	GR96006	1	1996	CEN	NA	-3.995552161	NA	30.03940483	NA	2.566711375	0.241753865	0.308369578	NA	0.02901031
559	GR96006	1	1997	LAB	5.86344535	-1.233896519	0.140425172	5.128394168	4.265988243	1.711676315	0.340108177	0.381048283	0.342421138	0.199933515
559	GR96006	1	1998	LAB	5.634648884	-1.124124877	0.024223225	5.771824185	3.346024433	2.97889679	0.308794817	0.349024451	0.213006254	0.17494035
559	GR96006	1	1999	CEN	7.417658392	-4.397655255	0.010615234	14.05158684	2.398756566	2.325580667	0.298308026	0.290344708	0.276108209	0.076124937
559	GR96006	1	2000	CEN	4.043404809	-3.055502832	1.499483834	11.05089571	4.075117812	1.669755915	0.260067691	0.289836267	0.204279443	-0.0061905
560	GR96007	1	1996	CEN	NA	-4.199923361	NA	23.23185342	NA	2.565500923	0.341273019	0.383892139	NA	0.024104675
560	GR96007	1	1997	LAB	5.691393269	-1.145685499	0.719425577	7.918998907	3.297017267	1.842848901	0.261752145	0.384180371	0.274456713	0.156416405
560	GR96007	1	1998	LAB	5.659174815	-1.035295827	0.027385357	4.530694519	3.513514311	2.919941416	0.260384308	0.32662424	0.250699476	0.173628849
560	GR96007	1	1999	NW	7.231200735	-4.396850313	0.017998328	12.41892977	2.572103498	2.195065217	0.266211088	0.282414856	0.198962866	0.116157589
560	GR96007	1	2000	NW	4.012796567	-2.58145324	1.574570378	12.85890587	4.675125286	1.639092795	0.236871704	0.285193941	0.105893741	0.002644302
560	GR96007	1	2001	CEN	5.233611471	-1.246615567	0.059590685	14.17733847	2.833332602	3.688968705	0.332752636	0.320962016	0.263229736	0.080223433
561	GR96008	1	1996	CEN	NA	-4.547326111	NA	43.45453501	NA	2.928845811	0.332752636	0.320962016	NA	0.001316774
561	GR96008	1	1997	CEN	6.139084224	-0.989252255	0.143884851	5.332634337	4.103558633	1.847619459	0.291959305	0.374817118	0.318396272	0.158383724
561	GR96008	1	1998	LAB	5.452300751	-3.937163965	0.041492755	31.74536816	3.166779027	3.152511647	0.29345788	0.334076322	0.227460604	0.119133287
561	GR96008	1	1999	NW	7.123477563	-4.535513443	0.037803518	14.81439161	2.86271628	2.095279204	0.266909493	0.278953811	0.256458525	0.085224356
561	GR96008	1	2000	SW	3.851402718	-2.488970341	1.52941351	10.77770099	3.979324291	1.932088535	0.236120432	0.262527523	0.17497048	-0.008744625
561	GR96008	1	2001	SW	4.999096472	-0.986036874	0.082564502	12.89699788	2.773186681	3.464581349	0.343576038	0.321856743	0.294739205	0.067587718
561	GR96008	1	2002	LAB	5.624164753	-3.495398815	0.246971146	19.65869313	2.743032855	3.759173218	0.225272364	0.372734806	0.371529584	0.032152832
562	GR97005	1	1997	LAB	5.62972161	-1.122677563	0.63953072	7.244871586	3.298692493	1.920722148	0.295600184	0.374283911	0.266269444	0.149412197
562	GR97005	1	1998	LAB	6.726543575	-2.20667241	0.019175074	14.36086382	2.119343743	2.056263985	0.272491301	0.320912983	0.236763419	0.086245156
562	GR97005	1	1999	NW	7.388352111	-4.896773	0.021315556	17.61641826	2.632524522	1.983330977	0.286187377	0.274037104	0.213147203	0.059344115
563	GR97006	1	1997	LAB	5.599141815	-1.136058959	0.204261371	6.44540641	2.360402401	1.728764951	0.318622171	0.406383085	0.251477068	0.132518074
145	GR98003	1	1998	SW	6.422109335	-1.428702798	0.002749626	6.303587827	1.996630193	1.636935314	0.314334631	0.303765185	0.25381806	0.137053866
145	GR98003	1	1999	NW	7.030194219	-4.41372319	0.029471243	12.7648467	2.655125213	2.17885281	0.342278548	0.313967745	0.220019565	0.104801569
145	GR98003	2	2000	SHIFT	4.179923682	-1.407988479	0.906766779	12.09082313	3.485239613	2.566382029	0.260770906	0.302883143	0.157687851	0.023499528
145	GR98003	1	2001	SW	4.895668427	-1.167950922	0.129637258	12.48338161	2.8077497	3.476726478	0.375919771	0.338294128	0.251191401	0.031241078
145	GR98003	2	2002	SW	5.894226386	-3.527495644	0.402031572	17.21854228	3.746193423	2.928855536	0.209951028	0.359568903	0.323968215	0.046306489
145	GR98003	2	2003	SW	8.364994977	-2.517053	0.003982443	10.38516687	3.720905652	2.605702157	0.262586781	0.291948408	0.149326066	0.040228909
